3526 0 3 
1	1	3673	1	10220
1	1	3101	3	9875
1	1	5247	828	18553
1	1	1436	68	3575
1	2	3993	4	16620
1	1	1446	77	3613
1	2	2270	6780	16516
1	2	1397	56	4035
1	3	2921	9254	14966
1	3	3109	1	16928
1	2	3470	8	9966
1	1	5327	696	18691
1	4	3447	5	11340
1	4	3961	2	16587
1	2	2916	303	14961
1	1	4808	823	13569
1	5	2126	5	16770
1	3	5466	215	13392
1	4	5996	12	11902
1	1	1866	796	13488
1	5	1538	44	4101
1	3	4083	8	16740
1	4	3966	6	16597
1	2	2919	332	14963
1	4	6000	1399	19841
1	4	644	55	2640
1	4	6733	49	19998
1	5	4312	311	6586
1	3	6171	1425	20157
1	3	901	40	3995
1	3	2220	6727	20225
1	5	4830	26	12973
1	3	5082	9254	18352
1	3	2375	6876	19022
1	4	6634	52	18204
1	4	1853	6302	19872
1	6	4419	14	6606
1	6	4484	14	6407
1	3	1908	11	6807
1	3	6174	1808	6533
1	4	1959	12	6991
1	4	5017	1172	10679
1	2	4422	398	11527
1	2	4564	895	6678
1	6	4409	800	10669
1	6	4519	655	10948
1	5	4391	409	12074
1	5	4220	345	10768
1	5	533	36	3958
1	5	1268	36	4221
1	4	6302	37	15121
1	4	1956	351	10067
1	2	5474	23	6299
1	3	549	40	4426
1	3	3758	7	11555
1	3	6218	1821	10237
1	3	7907	43	18002
1	5	5144	964	12025
1	4	6777	37	15717
1	2	5278	24	12749
1	1	2148	77	11437
1	2	4248	10	7861
1	5	5786	1057	19472
1	6	4158	257	6402
1	2	4257	6780	17004
1	6	1269	48	4420
1	1	4645	16	8486
1	4	4331	16	17573
1	5	631	50	4111
1	5	4307	532	10458
1	5	1064	139	4121
1	6	5784	617	6840
1	5	815	50	4764
1	4	6091	1778	8669
1	2	1144	122	3120
1	4	3361	283	10526
1	1	5405	1273	18835
1	2	3141	321	8495
1	6	864	59	4070
1	6	3475	331	8706
1	2	8843	62	17463
1	3	5472	702	12539
1	6	627	59	2570
1	2	6153	1801	6347
1	1	4711	976	17696
1	3	3379	342	8634
1	5	979	67	4064
1	5	4404	27	18062
1	5	626	36	2229
1	1	2140	68	10623
1	4	4330	82	7571
1	4	4304	197	10470
1	3	1905	260	10248
1	3	5473	702	11718
1	3	549	113	6802
1	1	1573	221	12847
1	5	1064	50	4313
1	5	5219	532	9675
1	4	762	98	4340
1	4	4330	317	11844
1	6	2418	353	6305
1	6	5220	800	10653
1	5	578	67	4109
1	1	4927	27	18065
1	2	667	46	4249
1	2	554	201	9768
1	3	5080	138	8618
1	3	4682	267	6981
1	4	939	55	4629
1	4	4340	283	10256
1	5	3083	409	6325
1	5	5195	964	12006
1	6	1105	47	4159
1	6	5226	655	10898
1	4	939	107	6986
1	1	1458	310	10630
1	4	4304	75	7769
1	4	4632	319	6755
1	3	4682	97	7092
1	3	2515	342	11700
1	6	1272	59	4485
1	6	3430	331	8541
1	2	724	164	4255
1	2	5279	582	11764
1	2	1144	56	4423
1	2	4182	321	9987
1	5	1257	67	4392
1	5	4403	423	10031
1	6	639	51	4316
1	6	5785	617	9993
1	3	4214	7652	19046
1	3	5080	445	11944
1	5	845	44	4827
1	5	4868	442	11566
1	2	885	95	4538
1	2	4255	387	10377
1	4	941	195	7776
1	5	1268	78	3957
1	4	3975	350	9722
1	6	1269	83	2418
1	4	3009	17	10445
1	4	736	4304	10470
1	1	3522	2	9679
1	1	2468	68	10618
1	1	5496	346	12601
1	5	3963	533	9694
1	2	3985	360	9771
1	3	1133	76	4239
1	4	3036	21	10656
1	4	546	196	9699
1	1	2148	229	7998
1	1	4939	816	13749
1	3	5097	421	11953
1	5	845	103	8265
1	1	1865	208	12328
1	1	5291	16	17576
1	3	7043	97	18429
1	3	4874	97	7716
1	1	5835	440	13016
1	2	615	56	2294
1	3	4210	222	10235
1	5	1257	103	3083
1	3	6727	66	15041
1	3	8856	66	20272
1	1	5714	407	12850
1	3	4210	676	10234
1	1	2539	84	11209
1	1	8033	224	18959
1	3	4090	368	9978
1	6	1272	104	2799
1	1	2817	105	7474
1	1	1647	218	13013
1	1	3558	4	11020
1	1	2209	77	10723
1	1	5603	359	12689
1	3	4577	901	11029
1	6	1981	7	10005
1	6	1016	47	3156
1	5	4112	427	10063
1	6	1036	129	3177
1	6	1018	51	4125
1	6	639	83	6599
1	4	6748	75	18272
1	4	2136	6634	16455
1	4	2055	3	16684
1	4	1294	98	4140
1	2	3433	6	9713
1	2	11059	45	18303
1	6	1601	47	4099
1	6	1105	129	4098
1	6	2799	370	7516
1	6	1016	104	4756
1	3	7669	138	16534
1	3	4482	138	8801
1	3	6876	60	14812
1	3	880	76	2830
1	4	2868	9068	14910
1	4	3458	6748	15990
1	3	3290	19	12012
1	3	681	220	10232
1	1	1566	84	3684
1	1	2042	84	6731
1	5	5183	27	12092
1	5	4109	277	8287
1	4	3361	24	10529
1	4	762	4340	10256
1	1	1639	105	3767
1	1	2817	208	11128
1	3	3364	19	11572
1	3	1210	207	9027
1	2	3120	398	6348
1	2	1198	122	5070
1	6	915	48	3970
1	6	561	48	4097
1	2	552	46	3984
1	2	667	123	10336
1	2	5618	1513	8447
1	2	5619	1383	12708
1	4	1779	195	6730
1	4	13348	49	20044
1	5	3957	345	9039
1	5	815	78	4424
1	6	4098	257	7332
1	6	4316	312	13583
1	4	5011	1169	8463
1	4	5012	1168	11852
1	5	3455	17	11356
1	5	4764	316	7137
1	4	3456	21	11825
1	4	1170	243	7154
1	1	2234	794	13955
1	4	4644	318	8489
1	4	4331	319	17107
1	4	1391	55	4823
1	4	4141	587	7227
1	4	2238	284	12452
1	2	3141	25	8499
1	2	1392	46	4807
1	1	2653	1273	14588
1	2	3135	218	9865
1	2	2402	8820	14238
1	2	4494	8820	17396
1	2	4558	892	8539
1	2	4559	891	10999
1	6	3475	22	10385
1	6	561	3430	8541
1	2	4093	303	11055
1	2	858	164	4493
1	3	3379	18	8638
1	3	1933	233	6508
1	5	4220	13	10589
1	5	626	125	4403
1	1	5495	1454	6287
1	1	5496	1436	12600
1	4	939	4629	14003
1	4	954	107	3524
1	1	5505	346	12608
1	4	2051	310	12451
1	4	2266	252	13365
1	2	1514	252	8682
1	2	5619	308	12709
1	4	10526	1797	10538
1	4	7564	82	14935
1	4	3538	82	11101
1	2	5628	308	12713
1	6	1929	305	13607
1	6	4419	353	14245
1	6	561	121	3430
1	3	2830	260	8564
1	3	4426	358	13463
1	1	5602	1503	6352
1	1	5603	1446	12688
1	1	5609	359	12693
1	2	1932	306	9728
1	2	3116	332	10416
1	2	4249	361	13640
1	3	3576	23	10975
1	3	4539	12641	19073
1	3	2170	261	6677
1	2	893	261	8765
1	2	4559	330	11000
1	3	2170	366	8764
1	2	5518	330	12624
1	6	4071	864	10918
1	6	6874	121	18116
1	6	627	121	3118
1	3	1980	20	8802
1	3	609	225	9975
1	2	3584	22	10869
1	2	1469	329	7639
1	3	549	4426	13463
1	3	995	113	4710
1	6	1929	331	11813
1	2	1517	305	8862
1	3	5107	285	11957
1	5	1889	207	13517
1	4	2269	351	9447
1	4	4629	397	14003
1	2	667	4249	13640
1	2	615	123	4332
1	1	2976	976	15027
1	3	1925	221	12135
1	1	5713	1572	6338
1	1	5714	1566	12849
1	1	5723	407	12858
1	5	3323	276	16714
1	5	7057	125	20064
1	5	578	125	2512
1	2	6264	372	13449
1	6	1989	329	13635
1	6	1863	235	6309
1	3	5097	1208	11952
1	6	2661	20	9036
1	6	1863	444	9028
1	5	4404	423	17222
1	5	1848	198	11687
1	4	5022	317	11858
1	6	1604	51	3195
1	5	1943	264	10473
1	4	1609	264	9047
1	4	5012	314	11853
1	6	1995	243	13643
1	4	5776	314	12936
1	5	1943	316	11354
1	4	2637	284	7225
1	1	5835	1639	13015
1	4	645	251	6960
1	2	4035	441	9141
1	5	3250	7	16750
1	5	4101	442	9153
1	5	4121	311	7300
1	5	4827	443	14071
1	5	1086	256	9793
1	6	4099	444	9999
1	6	2078	235	6532
1	3	1685	235	13128
1	4	6092	197	13338
1	5	538	195	9692
1	5	533	36	4308
1	5	538	3963	9694
1	4	3961	4633	17556
1	5	3963	199	9695
1	4	941	4633	9671
1	5	538	3963	9695
1	4	1853	203	6320
1	4	546	3975	9721
1	4	3966	3974	16598
1	6	918	196	9703
1	6	918	4603	11063
1	4	546	3975	9722
1	3	549	40	4226
1	3	549	113	2515
1	2	4538	367	10991
1	2	820	95	3992
1	2	552	46	5471
1	2	554	3985	9770
1	2	3993	3994	16621
1	3	904	201	6812
1	3	904	4576	8021
1	2	554	3985	9771
1	6	1269	2418	6305
1	6	4419	8795	11795
1	3	6170	11	7101
1	3	7043	576	18426
1	5	1257	3083	6325
1	5	578	125	10585
1	2	5278	582	18605
1	2	588	251	9884
1	2	583	56	5276
1	2	588	4040	9886
1	4	2055	4141	16817
1	2	4040	441	9887
1	4	645	4141	7227
1	2	588	4040	9887
1	5	3323	277	12107
1	1	1576	276	9954
1	3	2375	371	10956
1	3	609	4090	9977
1	3	4083	4089	16741
1	6	865	225	9957
1	6	865	4510	9958
1	3	609	4090	9978
1	2	1144	3120	6348
1	2	615	123	10694
1	5	2452	1057	12948
1	6	623	256	10018
1	6	618	47	5782
1	6	623	4105	10020
1	6	1863	6309	16226
1	6	4105	444	10021
1	5	1086	4868	11560
1	6	623	4105	10021
1	5	1268	3957	9039
1	5	4220	10589	10770
1	6	1272	2799	7516
1	6	627	121	10547
1	5	4830	630	17925
1	5	633	240	10039
1	5	631	50	4831
1	5	633	4112	10062
1	5	2126	4123	16771
1	6	1021	240	10036
1	6	1021	4758	11336
1	5	633	4112	10063
1	6	3195	424	12922
1	6	639	83	4416
1	4	5997	1399	19835
1	4	2885	5417	9415
1	2	2139	582	12275
1	4	4141	320	10098
1	4	644	55	5277
1	4	2145	251	9870
1	4	644	2145	9870
1	4	645	4141	10098
1	3	5537	371	14136
1	6	4510	369	10919
1	3	6168	1425	20151
1	3	3492	5467	9554
1	2	4807	321	11436
1	2	667	123	4182
1	3	972	4682	6981
1	3	681	4210	10234
1	3	3109	4209	16929
1	5	980	220	8201
1	5	980	4690	9935
1	3	681	4210	10235
1	1	2059	206	10763
1	1	2209	206	8333
1	2	2094	551	13209
1	3	4576	234	11030
1	2	724	4257	8435
1	2	724	164	4093
1	4	736	4305	6733
1	4	3008	347	13589
1	4	2136	244	7601
1	4	5417	640	5997
1	4	762	3353	6777
1	4	762	98	2269
1	1	2230	7261	19252
1	1	13489	1865	18524
1	5	2227	423	11680
1	1	1455	198	12598
1	1	1866	9	18520
1	1	1927	4927	18058
1	4	762	2269	9447
1	4	1956	5996	13592
1	4	6035	203	13989
1	6	4603	352	11078
1	5	1064	4121	7300
1	5	815	78	6585
1	3	2062	342	16083
1	1	1504	233	12686
1	2	552	2094	13209
1	2	820	95	5475
1	2	1392	4807	11436
1	1	1507	306	10739
1	4	5417	244	13276
1	4	1024	2136	7601
1	1	1864	224	12157
1	1	2042	224	9952
1	5	845	44	4628
1	5	845	103	2754
1	3	880	2830	8564
1	3	1905	6167	13531
1	2	858	4494	10897
1	2	858	164	4277
1	6	864	59	4520
1	6	2340	225	10916
1	6	864	2340	10916
1	6	865	4510	10919
1	3	4539	366	10970
1	3	880	76	3259
1	2	3476	332	8544
1	2	885	95	3116
1	2	885	4538	10991
1	2	893	4559	10999
1	3	4089	608	9971
1	3	2175	261	8538
1	3	8538	892	13891
1	2	893	4559	11000
1	3	3576	8764	10976
1	2	4569	367	11005
1	3	6677	895	13889
1	2	896	4569	11005
1	3	901	40	5470
1	3	2064	201	8631
1	3	901	2064	8631
1	3	904	4576	11030
1	6	915	48	4410
1	6	2249	196	11075
1	6	915	2249	11075
1	6	918	4603	11078
1	1	2456	229	7990
1	1	938	2817	7474
1	4	4823	319	12296
1	4	939	107	4632
1	4	8908	49	15099
1	4	4633	348	11147
1	4	1779	6092	13337
1	4	941	4633	11147
1	4	4048	347	10740
1	4	954	107	2233
1	3	6219	267	13916
1	5	4690	408	11238
1	3	972	2220	7705
1	3	2514	386	9948
1	1	816	2209	8333
1	1	18554	2059	18562
1	5	979	67	5145
1	5	2203	220	11235
1	5	979	2203	11235
1	5	980	4690	11238
1	3	3614	386	7720
1	3	995	113	2413
1	5	2592	630	11496
1	6	4758	426	11350
1	6	1105	4098	7332
1	6	1016	104	6401
1	6	1018	51	4829
1	6	2603	240	11347
1	6	1018	2603	11347
1	6	1021	4758	11350
1	4	1024	2136	11377
1	4	1024	3458	8065
1	6	4829	1010	11472
1	6	1036	129	4833
1	4	1391	4823	12296
1	1	1644	284	13008
1	5	4837	630	10040
1	5	1312	139	4828
1	5	631	2592	11496
1	5	1064	139	4837
1	5	1083	44	5783
1	5	2452	256	11563
1	5	1083	2452	11563
1	5	1086	4868	11566
1	3	1089	4875	7907
1	3	5466	576	6171
1	6	5782	617	12965
1	6	1105	129	5785
1	3	5470	702	12537
1	3	1133	76	5473
1	2	583	2139	12275
1	2	1144	122	5279
1	4	757	4330	11844
1	4	1170	5012	11852
1	6	4758	632	11336
1	6	1996	243	8462
1	6	8462	1169	13647
1	4	1170	5012	11853
1	4	3456	5017	11826
1	6	1604	3195	12922
1	4	1173	243	10678
1	4	1173	5022	11858
1	2	724	4093	11055
1	2	1198	122	4144
1	3	3097	215	7712
1	3	5467	665	6168
1	3	4875	285	11588
1	3	1210	5097	11952
1	5	4868	622	11560
1	5	1538	4101	9153
1	3	1210	207	7233
1	3	1210	5097	11953
1	3	3364	5102	11573
1	5	1888	207	11570
1	5	11570	1212	13516
1	3	1213	5107	11957
1	5	5145	964	12011
1	5	1257	103	5195
1	5	626	4403	10031
1	5	1264	1848	11687
1	5	4308	532	12785
1	5	1268	78	5219
1	6	4410	800	13983
1	6	1269	83	5220
1	6	4520	655	12572
1	6	1272	104	5226
1	1	823	2148	7998
1	1	2649	229	12134
1	3	3374	406	7089
1	3	1274	1925	12135
1	3	549	2515	11700
1	3	1278	1933	6508
1	4	5277	643	13035
1	4	1294	98	5281
1	5	1083	2452	12948
1	5	1312	139	5787
1	5	4065	979	11237
1	5	1324	3323	16714
1	4	3975	541	9721
1	4	2265	252	14014
1	2	2571	349	11927
1	2	1514	5619	12708
1	2	724	4255	10377
1	2	1517	5628	12712
1	4	4317	425	11371
1	4	1609	5776	12935
1	5	4112	631	10062
1	5	1944	264	13585
1	4	3952	940	11146
1	4	1390	2051	12451
1	4	2641	644	10097
1	4	2637	320	9137
1	2	3985	552	9770
1	2	1392	1932	9728
1	2	2294	322	8503
1	2	1397	3135	9865
1	4	5996	5997	19834
1	4	5417	5997	19835
1	2	4494	372	10889
1	2	1469	5518	12623
1	6	4604	915	11077
1	6	1408	1929	13607
1	3	6170	6171	20156
1	3	5466	6171	20157
1	1	795	2468	10618
1	1	1455	5496	12600
1	1	1437	68	10640
1	1	1458	5505	12607
1	1	816	2209	10723
1	1	1504	5603	12688
1	1	823	2148	11437
1	1	1507	5609	12692
1	5	3962	537	7777
1	5	1848	199	7778
1	1	1455	198	6286
1	1	1455	5496	12601
1	4	4633	537	9671
1	4	3011	348	11130
1	1	1458	310	9677
1	1	1458	5505	12608
1	3	4090	604	9977
1	3	2175	368	9963
1	6	2570	420	10032
1	6	1463	1989	13635
1	6	4510	608	9958
1	6	1989	369	8780
1	2	1469	329	10905
1	2	1469	5518	12624
1	3	1980	5536	8803
1	6	864	4520	12572
1	3	1476	225	12629
1	3	1476	5537	14136
1	3	4576	553	8021
1	3	1933	234	8015
1	1	1504	233	6351
1	1	1504	5603	12689
1	2	3994	553	9726
1	2	2771	360	9749
1	1	1507	306	9747
1	1	1507	5609	12693
1	4	3974	545	9704
1	4	2265	350	9705
1	2	1514	252	8446
1	2	1514	5619	12709
1	6	4603	545	11063
1	6	1970	352	8697
1	2	1517	305	11061
1	2	1517	5628	12713
1	5	4628	396	8884
1	5	1888	396	11581
1	1	1566	84	11290
1	1	1573	5714	12849
1	1	602	2042	6731
1	1	1576	5723	12857
1	3	4209	680	10229
1	3	1925	222	7078
1	1	1573	221	6337
1	1	1573	5714	12850
1	5	4690	680	9935
1	5	3675	408	8962
1	1	1576	276	8286
1	1	1576	5723	12858
1	3	1203	5080	11944
1	3	1685	5900	13130
1	6	3156	422	10364
1	6	2078	422	9032
1	6	4759	1018	11349
1	6	1996	426	11338
1	5	4123	632	10037
1	5	1944	427	10042
1	4	1609	264	11334
1	4	1609	5776	12936
1	1	1639	105	7469
1	1	1647	5835	13015
1	1	1640	105	9224
1	1	1644	5829	13010
1	1	5834	1646	12466
1	1	5829	440	13011
1	4	7225	1643	17922
1	1	1644	5829	13011
1	2	4039	587	9881
1	2	1397	4035	9141
1	1	1647	218	12465
1	1	1647	5835	13016
1	3	5096	1209	7234
1	3	5900	421	13131
1	6	6309	1684	16226
1	3	1685	5900	13131
1	5	3455	11354	11365
1	4	6007	425	13281
1	5	10473	1749	13584
1	4	1750	6007	13281
1	4	3036	6034	10657
1	6	915	4410	13983
1	4	1758	196	9774
1	4	1758	6035	13989
1	4	3009	6091	10446
1	5	533	4308	12785
1	4	1779	195	8668
1	4	1779	6092	13338
1	4	3361	10526	10538
1	2	6148	349	13370
1	4	2266	10526	14015
1	2	1798	6148	13370
1	6	3475	8706	10386
1	2	6157	387	13382
1	2	1802	305	6346
1	2	1802	6157	13382
1	6	2661	9032	9037
1	3	6178	445	13396
1	6	6532	1808	16228
1	3	1809	6178	13396
1	3	3290	6218	12013
1	5	979	5145	12011
1	3	1822	220	10236
1	3	1822	6219	13916
1	2	3584	6260	10882
1	6	1990	420	14200
1	2	1839	329	10864
1	2	1839	6264	13449
1	4	1779	6091	8669
1	5	4307	10445	10461
1	1	1455	5495	6287
1	5	1848	199	8673
1	2	5474	6295	6300
1	3	901	5470	12537
1	4	541	3040	6302
1	4	6035	541	13294
1	6	1863	235	16227
1	6	1601	4099	9999
1	1	1866	13488	18521
1	1	1864	224	12211
1	1	5308	9	18523
1	1	938	2817	11128
1	1	18523	1865	18654
1	1	1866	796	13489
1	5	1538	1889	13517
1	5	1888	396	11656
1	3	1210	5096	7234
1	5	1889	442	9026
1	3	2514	7043	18426
1	3	2413	386	9949
1	3	1908	6803	6808
1	3	1900	386	10168
1	3	1908	358	6803
1	3	4239	358	6288
1	3	1905	6167	16931
1	3	1905	260	10427
1	3	7658	1903	10429
1	3	1908	358	13533
1	1	1573	5713	6338
1	3	1925	222	8958
1	1	1927	4927	18065
1	1	602	2042	9952
1	2	1802	6153	6347
1	6	8706	1801	10386
1	2	3141	8495	8500
1	1	2302	823	14059
1	2	1931	306	1932
1	2	8495	1931	8500
1	1	1504	5602	6352
1	3	1933	234	8641
1	1	5184	602	18458
1	1	2221	602	12851
1	4	6034	1757	9775
1	4	799	1853	6320
1	5	1389	1944	13585
1	5	1943	316	12448
1	4	1609	5775	11335
1	5	1944	427	10052
1	4	3008	6748	18269
1	4	2233	347	7605
1	4	1959	6987	6992
1	4	1951	347	9922
1	4	1959	397	6987
1	4	4140	397	7268
1	4	1956	5996	18260
1	4	1956	351	10510
1	4	10504	1954	10511
1	4	1959	397	13594
1	2	6143	1797	13366
1	2	1198	2571	11927
1	2	1517	5627	11062
1	6	1970	352	11065
1	3	5536	1475	12630
1	3	846	2375	10956
1	3	1980	20	17406
1	3	1980	371	13627
1	5	3250	4868	17969
1	6	4104	622	10014
1	6	1982	4484	6407
1	6	1016	4159	13893
1	2	1469	5517	10906
1	6	1989	369	10910
1	2	1839	6260	10865
1	6	1990	420	10868
1	4	1173	5017	10679
1	6	1995	424	11835
1	6	1604	1995	13643
1	6	1996	426	9048
1	5	1998	4830	12973
1	5	5787	1057	12252
1	3	5102	1212	11571
1	3	1089	4875	11588
1	1	828	2539	11209
1	1	5247	18520	18559
1	5	10589	2046	10770
1	5	578	4392	13547
1	2	1969	5278	12749
1	2	2047	349	13710
1	1	8486	2050	13717
1	4	2051	318	11168
1	4	2050	310	2051
1	4	2051	318	8482
1	4	2055	3	10089
1	4	2637	7225	17922
1	1	5327	9	18561
1	1	2059	206	10707
1	3	3379	8634	8639
1	1	2775	816	14763
1	3	2061	233	2062
1	3	8634	2061	8639
1	3	1852	201	2064
1	3	5472	6299	12542
1	3	2170	6677	13889
1	3	3259	366	8763
1	6	1601	1863	16227
1	6	2078	422	11935
1	1	3558	5602	16023
1	3	1933	6351	12586
1	2	1852	201	2094
1	2	2094	551	6295
1	1	3522	5495	15975
1	5	1848	6286	12124
1	4	6003	1749	13277
1	4	1024	4317	11371
1	5	4312	13	6591
1	5	815	4313	14034
1	6	2122	4419	6606
1	6	639	4316	13583
1	5	2126	5	10055
1	5	10052	1608	13586
1	5	1943	10473	13584
1	5	815	4764	7137
1	4	757	4415	6634
1	4	2136	244	7567
1	4	5280	24	7214
1	4	644	5277	13035
1	2	2138	251	2139
1	2	2139	582	12277
1	1	1437	2234	13955
1	1	2140	208	7261
1	4	2050	2051	8482
1	4	954	4644	8489
1	4	2138	251	2145
1	4	2145	643	7210
1	1	2148	77	10720
1	1	5327	18656	18697
1	2	3146	25	13022
1	2	615	2294	8503
1	3	2170	261	13890
1	3	1462	4539	10970
1	3	1462	2170	13890
1	3	2175	368	8766
1	2	1852	2094	6295
1	2	5475	551	9744
1	3	1822	6218	10237
1	5	5144	12012	12028
1	1	696	2148	10720
1	1	5327	18561	18695
1	3	676	2980	6727
1	3	6219	676	13413
1	1	1935	276	2221
1	1	2221	602	13563
1	5	5183	277	12088
1	5	578	4109	8287
1	1	4927	795	18058
1	1	2472	795	14325
1	5	2226	198	2227
1	5	2227	423	6735
1	5	1264	36	2229
1	5	1264	2227	11680
1	1	4645	794	13714
1	1	794	2140	7261
1	4	2233	107	17332
1	4	1951	6991	9923
1	1	2050	310	2234
1	1	4645	8486	13717
1	1	5291	1054	18614
1	1	2821	1054	14828
1	4	2237	284	2238
1	4	2238	319	6640
1	4	2138	2145	7210
1	4	5281	643	10076
1	4	1758	6034	9775
1	6	4409	10656	10672
1	6	1995	10678	13645
1	6	4416	424	9043
1	2	6260	1838	10865
1	2	858	4494	10889
1	2	1514	5618	8447
1	4	2265	350	9711
1	4	1349	2265	14014
1	4	2266	283	10528
1	4	799	1853	7557
1	4	2268	351	12727
1	4	2269	98	19212
1	4	1956	10504	10511
1	2	6780	45	16516
1	2	5628	1384	12712
1	6	4484	370	14793
1	6	627	4485	13578
1	2	7861	2279	10348
1	2	615	4423	13567
1	1	4711	18	17702
1	1	2284	8333	19136
1	3	4428	18	17699
1	3	995	3374	7089
1	1	5405	25	17898
1	1	2289	7998	19539
1	2	3146	322	15283
1	2	2292	322	12147
1	2	2291	218	2292
1	2	2292	322	6653
1	2	1397	56	2294
1	2	1397	2292	12147
1	1	1931	306	2302
1	1	4808	8499	13572
1	5	2308	1	11228
1	5	2308	408	11226
1	6	5784	26	6844
1	6	618	5782	12965
1	3	1476	5536	12630
1	6	4519	8802	10951
1	6	1990	10864	13639
1	6	627	2570	10032
1	6	2366	8	10912
1	6	1989	10905	13637
1	3	604	2802	6876
1	3	5537	604	12633
1	6	2376	22	11818
1	6	2376	420	14193
1	2	8820	62	14238
1	2	5518	1407	12623
1	3	2413	113	17492
1	3	1900	6807	10169
1	6	2418	83	18821
1	6	2122	4419	14245
1	2	1198	2571	11059
1	2	2422	303	8429
1	5	1888	11570	13516
1	5	845	4628	8884
1	6	2324	256	2451
1	6	6840	2324	6845
1	5	2324	256	2452
1	5	2452	1057	12955
1	1	5308	938	18648
1	1	938	2649	12134
1	1	796	2140	10623
1	1	13488	1864	18521
1	1	2226	198	2472
1	1	2472	795	13558
1	5	2512	125	18955
1	5	2512	277	14384
1	3	972	4682	7092
1	3	972	3614	7720
1	3	2515	113	19132
1	3	2515	342	14387
1	5	4826	13	7074
1	5	845	4827	14071
1	3	4428	406	17244
1	3	2522	406	11277
1	3	2521	221	2522
1	3	2522	406	10266
1	1	1566	2976	15027
1	1	2284	4711	17696
1	6	1463	59	2570
1	6	1463	1990	14200
1	2	1383	2270	12706
1	2	6148	1383	13369
1	6	4832	26	13149
1	6	4833	1010	11401
1	6	4832	1010	17926
1	6	1018	4829	11472
1	5	2591	240	2592
1	5	2592	630	11473
1	6	2591	240	2603
1	6	2603	1010	11485
1	4	1391	2238	12452
1	4	2637	320	10083
1	4	1391	55	2640
1	4	1391	2637	10083
1	4	2640	320	2641
1	4	644	2640	2641
1	1	1639	2653	14588
1	1	2289	5405	18835
1	1	2291	218	2653
1	1	2653	1273	14042
1	6	2078	6532	16228
1	6	1016	3156	10364
1	6	2661	20	17409
1	6	2661	422	14599
1	2	2916	10	13076
1	2	1198	2422	8429
1	4	2704	17	17079
1	4	2704	425	14668
1	5	2754	103	18415
1	5	2754	396	14735
1	1	1507	5608	9748
1	2	2771	360	9760
1	1	2061	233	2775
1	1	4939	8638	13752
1	6	2799	104	18754
1	6	1982	4484	14793
1	3	1462	4539	14801
1	3	1462	2175	8766
1	1	1640	2821	14828
1	1	2230	5291	18614
1	1	2237	284	2821
1	1	2821	1054	13944
1	3	2830	76	17365
1	3	1905	7658	10429
1	4	9068	52	14910
1	4	5776	1386	12935
1	4	757	4330	7571
1	4	757	2136	7567
1	2	2919	10	16819
1	2	858	3476	8544
1	2	2919	14963	17015
1	2	2916	303	14962
1	2	4248	361	10345
1	2	3992	361	8409
1	2	2919	10	16961
1	2	2919	332	14964
1	3	9254	43	14966
1	3	5900	1600	13130
1	1	2521	221	2976
1	1	2976	976	14035
1	3	2980	6727	15041
1	3	1274	1925	7078
1	4	736	4304	7769
1	4	736	4048	10740
1	4	2116	2704	17079
1	4	3009	197	15080
1	1	1458	5504	9678
1	4	3011	348	11138
1	4	3017	8908	15099
1	4	1390	3011	11130
1	4	3036	21	17226
1	4	3036	203	15115
1	4	3040	6302	15121
1	4	1349	2265	9705
1	5	3083	103	19436
1	5	3083	409	15189
1	3	1089	4874	7716
1	3	1089	3097	7712
1	3	1203	5082	11966
1	3	3097	215	9550
1	4	2055	9137	10090
1	1	5828	1643	7226
1	1	3673	5713	16177
1	3	1925	6337	11288
1	2	3116	95	17189
1	2	14964	2918	17013
1	6	3118	121	11821
1	6	2361	2376	14193
1	2	3120	122	13079
1	2	3120	398	15228
1	1	1647	5834	12466
1	2	3135	441	9872
1	2	2152	3146	13022
1	2	3141	321	15279
1	2	3146	25	6657
1	2	2291	2292	6653
1	6	1601	47	3156
1	6	1601	2078	11935
1	6	4315	312	6600
1	6	3177	312	6370
1	6	3177	129	18023
1	6	3177	312	15353
1	6	639	51	3195
1	6	639	4416	9043
1	4	3196	75	18261
1	4	2116	2704	14668
1	1	3101	5834	15202
1	2	9872	1646	15270
1	3	3758	5096	16299
1	5	1889	7233	13518
1	3	3259	76	12662
1	3	3259	366	15536
1	3	846	4482	8801
1	3	3260	260	10178
1	3	3290	19	17978
1	3	3290	267	15615
1	5	4826	443	8266
1	5	4828	443	6848
1	5	1935	276	3323
1	5	12088	1935	12093
1	4	2144	4331	17573
1	4	3343	318	15694
1	4	1349	3040	14253
1	4	1349	2266	10528
1	4	3361	24	17126
1	4	3361	283	15724
1	3	2018	3290	17978
1	3	3364	285	15725
1	3	1274	2980	15033
1	3	1274	2522	11277
1	3	2285	4428	17699
1	3	2285	2515	14387
1	6	2361	3118	11821
1	6	3430	331	15865
1	2	3433	6	11067
1	2	5627	1516	11062
1	5	2126	10052	10056
1	4	5775	1608	11335
1	5	3455	17	17082
1	5	3455	316	15886
1	4	1936	3036	17226
1	4	3456	317	15887
1	4	6748	824	18269
1	4	5418	824	6000
1	6	2366	10910	10913
1	2	5517	1468	10906
1	6	2361	2376	11818
1	6	2361	3430	15865
1	2	885	4541	8843
1	2	885	3116	10416
1	3	1203	5080	8618
1	3	1203	3097	9550
1	1	3522	2	11140
1	1	5504	1457	9678
1	4	3524	107	19248
1	4	2144	3343	15694
1	4	3538	82	18226
1	4	1936	3036	15115
1	1	3558	4	9762
1	1	5608	1506	9748
1	1	1437	68	3575
1	1	5505	1437	12607
1	3	3576	23	12659
1	3	2070	3259	15536
1	2	3584	22	16984
1	2	3584	372	16057
1	1	1447	77	3613
1	1	5609	1447	12692
1	3	995	3374	8856
1	3	995	2413	9949
1	5	2308	11226	11229
1	1	5722	1575	10219
1	1	1576	5722	10219
1	5	11226	1575	11229
1	1	1567	84	3684
1	1	5723	1567	12857
1	6	1981	9028	10006
1	3	5899	1684	6310
1	1	1640	105	3767
1	1	5829	1640	13010
1	4	3017	348	3952
1	4	940	3017	3952
1	5	3957	78	19334
1	5	3957	345	16586
1	5	1264	36	3958
1	5	1264	1848	7778
1	1	3522	5504	15977
1	4	3011	9677	16579
1	5	2104	199	3962
1	5	3962	537	16588
1	5	3958	199	3963
1	5	533	3958	3963
1	2	3433	5618	15982
1	4	2265	8446	14013
1	6	1408	48	3970
1	6	1408	1970	8697
1	2	3433	5627	15984
1	6	1970	11061	13611
1	4	3966	350	3974
1	4	3974	545	16598
1	4	3040	350	3975
1	4	541	3040	3975
1	2	1392	46	3984
1	2	1392	2771	9749
1	2	3984	360	3985
1	2	552	3984	3985
1	2	3116	14964	19126
1	2	3992	361	16619
1	1	3558	5608	16021
1	2	2771	9747	16013
1	2	3993	360	3994
1	2	3994	553	16621
1	3	1278	40	3995
1	3	1278	1933	8015
1	2	583	56	4035
1	2	4040	583	9886
1	2	3244	441	4039
1	2	4039	587	16685
1	2	4035	441	4040
1	2	583	4035	4040
1	4	954	4644	13348
1	4	954	2233	7605
1	5	1324	67	4064
1	5	1324	3675	8962
1	5	4064	408	4065
1	5	979	4064	4065
1	6	1463	59	4070
1	6	1463	1989	8780
1	6	4070	369	4071
1	6	864	4070	4071
1	2	3470	4558	16041
1	3	2175	8538	13891
1	3	4083	368	4089
1	3	4089	608	16741
1	3	2802	368	4090
1	3	604	2802	4090
1	2	4093	164	17507
1	2	14962	2915	16820
1	6	1408	48	4097
1	6	1408	1929	11813
1	6	3176	3177	18023
1	6	4098	257	16743
1	6	618	47	4099
1	6	4105	618	10020
1	5	1083	44	4101
1	5	4869	1083	11565
1	6	1981	444	4104
1	6	4104	622	16751
1	6	4099	444	4105
1	6	618	4099	4105
1	5	1324	67	4109
1	5	1324	3323	12107
1	5	1389	50	4111
1	5	1389	1944	10042
1	5	4111	427	4112
1	5	631	4111	4112
1	5	4121	139	18052
1	5	4121	311	16769
1	4	3447	5011	16240
1	6	1996	8462	13647
1	5	2126	427	4123
1	5	4123	632	16771
1	6	1604	51	4125
1	6	1604	1996	9048
1	4	799	3538	11101
1	4	799	2268	12727
1	4	2269	10510	19917
1	4	1954	1959	13594
1	4	2055	320	4141
1	4	4141	587	16817
1	2	2663	3120	13079
1	2	2916	13076	16822
1	6	4158	14	17848
1	6	3176	4098	16743
1	6	1016	47	4159
1	6	4159	257	13893
1	2	4182	123	13025
1	2	2152	3141	15279
1	3	3109	222	4209
1	3	4209	680	16929
1	3	2980	222	4210
1	3	676	2980	4210
1	3	846	2375	7652
1	3	846	3260	10178
1	5	4312	6586	6592
1	5	2117	3957	16586
1	5	626	36	4221
1	5	4221	345	13577
1	3	1278	40	4226
1	3	1278	2062	16083
1	3	2830	10427	17366
1	3	1903	1908	13533
1	2	2919	14964	17013
1	2	2918	3992	16619
1	2	820	46	4249
1	2	820	3992	8409
1	2	4255	164	18873
1	2	4255	387	16973
1	2	2262	3584	16984
1	2	2262	4255	16973
1	2	1384	2270	6780
1	2	6157	1384	13381
1	2	4093	14962	17508
1	2	14963	2915	17015
1	4	2116	3196	18261
1	4	2116	3009	15080
1	4	940	3017	8908
1	4	6092	940	13337
1	5	2127	3455	17082
1	5	4307	532	17078
1	5	1268	36	4308
1	5	1268	5219	9675
1	5	4312	13	17341
1	5	3301	4121	16769
1	5	815	50	4313
1	5	4313	311	14034
1	6	3176	4158	17848
1	6	3176	3177	15353
1	6	1036	51	4316
1	6	1036	3177	6370
1	4	1386	2868	9068
1	4	6007	1386	13280
1	4	1936	3538	18226
1	4	1936	3456	15887
1	4	4331	16	6644
1	4	2237	2238	6640
1	2	2152	4182	13025
1	2	2152	3146	15283
1	4	4340	98	19173
1	4	2240	3361	15724
1	5	7074	2520	8269
1	5	2520	3083	15189
1	5	578	67	4392
1	5	4392	409	13547
1	5	2225	2512	18955
1	5	2225	4404	17222
1	5	4404	27	6739
1	5	2226	2227	6735
1	6	4409	21	17229
1	6	4409	800	17224
1	6	1269	48	4410
1	6	1269	5220	10653
1	4	1168	2868	11850
1	4	5022	1168	11857
1	6	4416	83	18230
1	6	4416	424	17239
1	6	4419	14	8795
1	6	4419	353	11793
1	6	561	48	4420
1	6	4420	353	13470
1	2	13076	2663	16822
1	2	2663	3120	15228
1	2	615	56	4423
1	2	4423	398	13567
1	5	4424	78	18265
1	5	2127	3455	15886
1	3	1133	40	4426
1	3	1133	4239	6288
1	3	4428	18	10269
1	3	2521	2522	10266
1	3	4482	138	18366
1	3	1979	1980	13627
1	6	8795	2271	11795
1	6	4484	370	11728
1	6	627	59	4485
1	6	4485	370	13578
1	2	2262	4255	18873
1	2	2262	3584	16057
1	2	1407	2402	8820
1	2	6264	1407	13448
1	6	2366	369	4510
1	6	4510	608	17398
1	6	2660	2661	17409
1	6	4519	655	17405
1	6	1272	59	4520
1	6	1272	5226	10898
1	2	4538	95	18995
1	2	4538	367	17437
1	3	880	4214	12641
1	3	880	3259	8763
1	2	4540	23	17446
1	2	2196	4538	17437
1	2	891	2402	10997
1	2	4569	891	11004
1	2	3470	330	4558
1	2	4558	892	16041
1	2	2402	330	4559
1	2	891	2402	4559
1	2	4540	367	4564
1	2	4564	895	10984
1	2	4541	367	4569
1	2	891	4541	4569
1	3	2089	234	4576
1	3	4576	553	17483
1	3	3995	234	4577
1	3	901	3995	4577
1	6	3972	352	4603
1	6	4603	545	17522
1	6	3970	352	4604
1	6	915	3970	4604
1	5	1538	44	4628
1	5	1538	1888	11656
1	4	1294	55	4629
1	4	1294	4140	7268
1	4	2144	3524	19248
1	4	2144	4331	17107
1	4	3961	348	4633
1	4	4633	537	17556
1	4	1390	3017	15085
1	4	1390	2051	11168
1	1	2230	5291	17576
1	1	4645	794	17571
1	3	4682	97	18411
1	3	2018	3290	15615
1	5	2308	408	4690
1	5	4690	680	17646
1	3	2285	2515	19132
1	3	2285	4428	17244
1	3	4428	10266	10270
1	1	2521	2976	14035
1	6	4756	104	18362
1	6	2660	2661	14599
1	6	4122	426	4758
1	6	4758	632	17815
1	6	4125	426	4759
1	6	1018	4125	4759
1	5	1389	50	4764
1	5	1389	1943	12448
1	2	667	46	4807
1	2	667	4182	9987
1	1	2289	5405	17898
1	1	4808	823	17892
1	4	939	55	4823
1	4	939	4632	6755
1	5	3301	4312	17341
1	5	4826	443	17924
1	5	1312	44	4827
1	5	1312	4828	6848
1	5	3301	4121	18052
1	5	3301	4826	17924
1	6	1036	51	4829
1	6	1036	4833	11401
1	5	4830	26	11476
1	5	2591	2592	11473
1	5	1064	50	4831
1	5	1064	4837	10040
1	5	4830	11473	11477
1	6	2591	2603	11485
1	6	4833	129	13152
1	6	2584	4832	17926
1	5	4837	139	12976
1	5	1998	4830	17925
1	5	3250	442	4868
1	5	4868	622	17969
1	5	4101	442	4869
1	5	1083	4101	4869
1	3	2018	4682	18411
1	3	2018	3364	15725
1	3	1208	2921	11950
1	3	5107	1208	11956
1	5	4876	19	17981
1	5	2449	2754	14735
1	5	4404	6735	6740
1	1	2226	2472	13558
1	1	2284	4711	17702
1	1	4939	816	18086
1	6	2258	4409	17229
1	6	2258	4416	17239
1	4	3447	314	5011
1	4	5011	1169	16240
1	4	2868	314	5012
1	4	1168	2868	5012
1	4	3456	317	5017
1	4	5017	1172	11826
1	4	4415	317	5022
1	4	1168	4415	5022
1	2	5070	122	12752
1	2	1969	2047	13710
1	3	1979	4482	18366
1	3	5080	445	18307
1	3	1979	1980	17406
1	3	1979	5080	18307
1	3	1600	2921	9254
1	3	6178	1600	13395
1	3	3758	421	5096
1	3	5096	1209	16299
1	3	2921	421	5097
1	3	1208	2921	5097
1	3	3364	285	5102
1	3	5102	1212	11573
1	3	4875	285	5107
1	3	1208	4875	5107
1	5	2449	4876	17981
1	5	5144	964	18403
1	5	1257	67	5145
1	5	1257	5195	12006
1	5	2225	4404	18062
1	5	2225	2512	14384
1	5	5183	12088	12093
1	1	1935	2221	13563
1	5	2449	2754	18415
1	5	2449	5144	18403
1	5	2127	4424	18265
1	5	2127	4307	17078
1	6	2258	4416	18230
1	6	2258	4409	17224
1	6	2660	4756	18362
1	6	2660	4519	17405
1	1	18561	2059	18695
1	1	5247	828	18554
1	2	1144	56	5276
1	2	1144	5279	11764
1	4	1294	55	5277
1	4	1294	5281	10076
1	4	5280	7210	7215
1	2	2138	2139	12277
1	2	1969	5070	12752
1	2	1969	5278	18605
1	4	2240	3361	17126
1	4	5280	643	18606
1	4	2240	4340	19173
1	4	2240	5280	18606
1	4	4331	6640	6645
1	1	2237	2821	13944
1	1	5308	9	18656
1	1	5308	938	18649
1	1	5308	18649	18657
1	1	5327	696	18692
1	2	3146	6653	6658
1	1	2291	2653	14042
1	4	2885	244	5417
1	4	5417	640	9415
1	4	3458	244	5418
1	4	5418	824	8520
1	3	3084	215	5466
1	3	5466	576	8627
1	3	3492	215	5467
1	3	5467	665	9554
1	3	1133	40	5470
1	3	1133	5473	11718
1	2	820	46	5471
1	2	820	5475	9744
1	3	2070	3576	12659
1	3	5472	702	18938
1	3	2070	3259	12662
1	3	2070	5472	18938
1	2	2196	4540	17446
1	2	5474	551	18939
1	2	2196	4538	18995
1	2	2196	5474	18939
1	1	3522	346	5495
1	1	5495	1454	15975
1	1	3575	346	5496
1	1	1436	3575	5496
1	1	3522	346	5504
1	1	5504	1457	15977
1	1	3575	346	5505
1	1	1437	3575	5505
1	2	3470	330	5517
1	2	5517	1468	16043
1	2	2402	330	5518
1	2	1407	2402	5518
1	3	1980	371	5536
1	3	5536	1475	8803
1	3	2375	371	5537
1	3	604	2375	5537
1	1	3558	359	5602
1	1	5602	1503	16023
1	1	3613	359	5603
1	1	1446	3613	5603
1	1	3558	359	5608
1	1	5608	1506	16021
1	1	3613	359	5609
1	1	1447	3613	5609
1	2	3433	308	5618
1	2	5618	1513	15982
1	2	2270	308	5619
1	2	1383	2270	5619
1	2	3433	308	5627
1	2	5627	1516	15984
1	2	2270	308	5628
1	2	1384	2270	5628
1	1	3673	407	5713
1	1	5713	1572	16177
1	1	3684	407	5714
1	1	1566	3684	5714
1	1	3673	407	5722
1	1	5722	1575	16179
1	1	3684	407	5723
1	1	1567	3684	5723
1	4	3447	314	5775
1	4	5775	1608	16238
1	4	2868	314	5776
1	4	1386	2868	5776
1	6	1105	47	5782
1	6	1105	5785	9993
1	5	1312	44	5783
1	5	1312	5787	12252
1	6	2584	4832	13149
1	6	5784	617	19469
1	6	2584	4833	13152
1	6	2584	5784	19469
1	6	5784	6840	6845
1	5	2324	2452	12955
1	5	1998	4837	12976
1	5	1998	5786	19472
1	1	3101	440	5828
1	1	5828	1643	15204
1	1	3767	440	5829
1	1	1640	3767	5829
1	1	3101	440	5834
1	1	5834	1646	15202
1	1	3767	440	5835
1	1	1639	3767	5835
1	3	3758	421	5899
1	3	5899	1684	16297
1	3	2921	421	5900
1	3	1600	2921	5900
1	4	5996	12	18260
1	4	5996	640	13592
1	4	5996	640	5997
1	4	5997	1399	19834
1	4	5999	12	18860
1	4	5999	824	13590
1	4	5999	824	6000
1	4	6000	1399	19840
1	4	2704	425	6003
1	4	6003	1749	11357
1	4	4317	425	6007
1	4	1386	4317	6007
1	4	3036	203	6034
1	4	6034	1757	10657
1	4	1853	203	6035
1	4	541	1853	6035
1	4	3009	197	6091
1	4	6091	1778	10446
1	4	4305	197	6092
1	4	940	4305	6092
1	2	2047	349	6143
1	2	6143	1797	10530
1	2	2571	349	6148
1	2	1383	2571	6148
1	2	4256	387	6153
1	2	6153	1801	10394
1	2	4257	387	6157
1	2	1384	4257	6157
1	3	6167	11	16931
1	3	6167	665	13531
1	3	6167	665	6168
1	3	6168	1425	20150
1	3	6170	11	14436
1	3	6170	576	13530
1	3	6170	576	6171
1	3	6171	1425	20156
1	3	5081	445	6174
1	3	6174	1808	11939
1	3	5082	445	6178
1	3	1600	5082	6178
1	3	3290	267	6218
1	3	6218	1821	12013
1	3	2220	267	6219
1	3	676	2220	6219
1	2	3584	372	6260
1	2	6260	1838	10882
1	2	4494	372	6264
1	2	1407	4494	6264
1	5	1848	198	6286
1	5	6286	1454	12124
1	1	6286	1454	6287
1	1	1455	6286	6287
1	3	4426	358	6288
1	3	1133	4426	6288
1	2	5474	551	6295
1	2	6295	1852	6300
1	3	5472	23	6299
1	3	6299	1852	12542
1	2	6299	1852	6300
1	2	5474	6299	6300
1	4	6302	37	19872
1	4	541	1853	6302
1	6	4420	353	6305
1	6	1269	4420	6305
1	3	1685	235	6309
1	3	1685	5899	6310
1	3	6309	1684	6310
1	3	1685	6309	6310
1	4	3538	203	6320
1	4	799	3538	6320
1	5	4392	409	6325
1	5	1257	4392	6325
1	3	1925	221	6337
1	3	6337	1572	11288
1	1	6337	1572	6338
1	1	1573	6337	6338
1	6	1929	305	6346
1	6	6346	1801	13609
1	2	6346	1801	6347
1	2	1802	6346	6347
1	2	4423	398	6348
1	2	1144	4423	6348
1	3	1933	233	6351
1	3	6351	1503	12586
1	1	6351	1503	6352
1	1	1504	6351	6352
1	6	4316	312	6370
1	6	1036	4316	6370
1	6	1982	2799	18754
1	6	6402	1982	6408
1	6	6401	257	6402
1	6	1982	6401	6402
1	6	4158	14	6407
1	6	4158	6402	6408
1	6	6407	1982	6408
1	6	4158	6407	6408
1	3	2062	233	6508
1	3	1278	2062	6508
1	3	1809	235	6532
1	3	1809	6174	6533
1	3	6532	1808	6533
1	3	1809	6532	6533
1	5	2117	3957	19334
1	5	6586	2117	6592
1	5	6585	311	6586
1	5	2117	6585	6586
1	5	4220	13	6591
1	5	2117	4220	6591
1	5	6591	2117	6592
1	5	4312	6591	6592
1	6	2122	2418	18821
1	6	6600	2122	6607
1	6	6599	312	6600
1	6	2122	6599	6600
1	6	4315	14	6606
1	6	4315	6600	6607
1	6	6606	2122	6607
1	6	4315	6606	6607
1	4	6634	52	16455
1	4	757	2136	6634
1	4	4331	319	6640
1	4	6640	2237	6645
1	1	5291	16	6644
1	1	6644	2237	13947
1	4	6644	2237	6645
1	4	4331	6644	6645
1	2	3146	322	6653
1	2	6653	2291	6658
1	1	5405	25	6657
1	1	6657	2291	14045
1	2	6657	2291	6658
1	2	3146	6657	6658
1	2	896	261	6677
1	2	896	4564	6678
1	2	6677	895	6678
1	2	896	6677	6678
1	3	6727	66	20225
1	3	676	2220	6727
1	4	941	195	6730
1	4	941	3952	11146
1	1	1567	84	6731
1	1	1567	2221	12851
1	4	6733	49	20028
1	4	736	4048	6733
1	5	4404	423	6735
1	5	6735	2226	6740
1	1	4927	27	6739
1	1	6739	2226	13561
1	5	6739	2226	6740
1	5	4404	6739	6740
1	4	6748	75	15990
1	4	3458	5418	8520
1	4	4823	319	6755
1	4	939	4823	6755
1	4	6777	37	19902
1	4	762	2268	6777
1	2	6780	45	17004
1	2	1384	4257	6780
1	3	2413	10168	17689
1	3	6803	1898	6808
1	3	6802	358	6803
1	3	1898	6802	6803
1	3	1900	6170	14436
1	3	6807	1898	10169
1	3	6807	1898	6808
1	3	1908	6807	6808
1	2	554	201	6812
1	2	554	3994	9726
1	6	2451	617	6840
1	6	2324	2451	6840
1	5	5786	26	6844
1	5	6844	2324	12958
1	6	6844	2324	6845
1	6	5784	6844	6845
1	5	4827	443	6848
1	5	1312	4827	6848
1	6	561	121	6874
1	6	561	4420	13470
1	3	6876	60	19022
1	3	604	2375	6876
1	2	588	251	6960
1	2	588	4039	9881
1	3	2220	267	6981
1	3	972	2220	6981
1	4	2233	9922	17566
1	4	6987	1949	6992
1	4	6986	397	6987
1	4	1949	6986	6987
1	4	1951	5999	18860
1	4	6991	1949	9923
1	4	6991	1949	6992
1	4	1959	6991	6992
1	3	7043	97	15190
1	3	3084	5466	8627
1	5	626	125	7057
1	5	626	4221	13577
1	5	4391	13	7074
1	5	2520	4391	7074
1	3	2980	222	7078
1	3	1274	2980	7078
1	3	4710	406	7089
1	3	995	4710	7089
1	3	2514	7043	18429
1	3	972	2514	7092
1	3	6167	11	7101
1	3	6167	6168	20150
1	5	4424	316	7137
1	5	815	4424	7137
1	4	1173	243	7154
1	4	1173	5022	11857
1	4	5280	643	7210
1	4	7210	2138	7215
1	2	5278	24	7214
1	2	7214	2138	12280
1	4	7214	2138	7215
1	4	5280	7214	7215
1	1	1644	284	7225
1	1	1644	5828	7226
1	1	7225	1643	7226
1	1	1644	7225	7226
1	4	6960	587	7227
1	4	645	6960	7227
1	5	1889	207	7233
1	5	7233	1209	13518
1	3	7233	1209	7234
1	3	1210	7233	7234
1	1	7261	208	19252
1	1	2230	4645	17571
1	4	4629	397	7268
1	4	1294	4629	7268
1	5	4313	311	7300
1	5	1064	4313	7300
1	6	4159	257	7332
1	6	1105	4159	7332
1	1	2649	105	7469
1	1	1273	2649	7469
1	1	2649	105	7474
1	1	938	2649	7474
1	6	4485	370	7516
1	6	1272	4485	7516
1	4	2268	6777	19902
1	4	799	2268	7557
1	4	7564	82	18241
1	4	7564	640	18238
1	4	2885	244	7567
1	4	757	2885	7567
1	4	2885	7564	14935
1	4	757	2885	7571
1	4	3458	244	7601
1	4	1024	3458	7601
1	4	4048	347	7605
1	4	954	4048	7605
1	2	1839	329	7639
1	2	1839	6264	13448
1	3	7652	60	19046
1	3	846	4214	7652
1	3	1908	11	7658
1	3	1903	1908	7658
1	3	7669	138	15540
1	3	7669	665	15537
1	3	7705	66	20256
1	3	972	3614	7705
1	3	3084	215	7712
1	3	1089	3084	7712
1	3	3084	7043	15190
1	3	1089	3084	7716
1	3	2514	386	7720
1	3	972	2514	7720
1	4	3008	6748	18272
1	4	736	3008	7769
1	5	538	195	7776
1	5	538	3962	7777
1	5	7776	537	7777
1	5	538	7776	7777
1	5	3958	199	7778
1	5	1264	3958	7778
1	2	4422	10	7861
1	2	7861	2279	11531
1	3	7907	43	16528
1	3	1089	3097	7907
1	1	2148	229	7990
1	1	696	2148	7990
1	1	7998	229	19539
1	1	2289	4808	17892
1	3	3995	234	8015
1	3	1278	3995	8015
1	3	6812	553	8021
1	3	904	6812	8021
1	1	2468	224	8033
1	1	795	2468	8033
1	4	3196	75	8065
1	4	1024	3196	8065
1	3	681	220	8201
1	3	681	4209	10229
1	5	2520	3083	19436
1	5	4826	7074	8269
1	5	8265	443	8266
1	5	2520	8265	8266
1	5	8266	2520	8269
1	5	4826	8266	8269
1	5	3675	276	8286
1	5	8286	1575	16715
1	5	2512	277	8287
1	5	578	2512	8287
1	1	8333	206	19136
1	1	2284	4939	18086
1	2	4249	361	8409
1	2	820	4249	8409
1	2	4144	303	8429
1	2	1198	4144	8429
1	2	8435	45	14262
1	2	724	2422	8435
1	4	2265	252	8446
1	4	8446	1513	14013
1	2	8446	1513	8447
1	2	1514	8446	8447
1	4	1170	243	8462
1	4	1170	5011	8463
1	4	8462	1169	8463
1	4	1170	8462	8463
1	4	3343	318	8482
1	4	8482	2050	8487
1	4	3343	16	8486
1	4	3343	8482	8487
1	4	8486	2050	8487
1	4	3343	8486	8487
1	4	3524	318	8489
1	4	954	3524	8489
1	2	1932	321	8495
1	2	1931	1932	8495
1	1	4808	25	8499
1	1	8499	1931	13572
1	2	8499	1931	8500
1	2	3141	8499	8500
1	2	4332	322	8503
1	2	615	4332	8503
1	4	6748	824	8520
1	4	3458	6748	8520
1	2	893	261	8538
1	2	893	4558	8539
1	2	8538	892	8539
1	2	893	8538	8539
1	6	4097	331	8541
1	6	561	4097	8541
1	2	4277	332	8544
1	2	858	4277	8544
1	3	4214	260	8564
1	3	880	4214	8564
1	3	3492	7669	16534
1	3	1203	3492	8618
1	3	7043	576	8627
1	3	3084	7043	8627
1	3	904	201	8631
1	3	904	4577	11029
1	3	2062	342	8634
1	3	2061	2062	8634
1	1	4939	18	8638
1	1	8638	2061	13752
1	3	8638	2061	8639
1	3	3379	8638	8639
1	3	2089	234	8641
1	3	8641	1503	11021
1	5	1846	195	8668
1	5	8668	1778	13462
1	4	8668	1778	8669
1	4	1779	8668	8669
1	5	2104	199	8673
1	5	8673	1454	9680
1	2	1798	252	8682
1	2	1798	6148	13369
1	6	3970	352	8697
1	6	1408	3970	8697
1	6	1929	331	8706
1	6	1929	6346	13609
1	3	4539	366	8763
1	3	880	4539	8763
1	3	3576	366	8764
1	3	8764	895	10976
1	2	896	261	8765
1	2	896	4569	11004
1	3	2802	368	8766
1	3	1462	2802	8766
1	6	4070	369	8780
1	6	1463	4070	8780
1	6	4484	14	8795
1	6	8795	2271	11730
1	3	3260	7669	15540
1	3	846	3260	8801
1	6	4519	20	8802
1	6	8802	1475	10951
1	3	8802	1475	8803
1	3	1980	8802	8803
1	2	8820	62	17396
1	2	1407	4494	8820
1	2	8843	62	16575
1	2	885	3476	8843
1	3	3614	7705	20256
1	3	995	3614	8856
1	2	1802	305	8862
1	2	1802	6157	13381
1	5	2754	396	8884
1	5	845	2754	8884
1	4	4305	6733	19998
1	4	940	4305	8908
1	3	3109	222	8958
1	3	8958	1572	10221
1	5	4064	408	8962
1	5	1324	4064	8962
1	5	3250	442	9026
1	5	9026	1209	11556
1	3	1213	207	9027
1	3	1213	5107	11956
1	6	1981	444	9028
1	6	9028	1684	10006
1	6	2661	422	9032
1	6	9032	1808	9037
1	3	5081	20	9036
1	3	5081	6174	11939
1	6	9036	1808	9037
1	6	2661	9036	9037
1	5	4221	345	9039
1	5	1268	4221	9039
1	6	3195	424	9043
1	6	639	3195	9043
1	4	1750	264	9047
1	4	1750	6007	13280
1	6	4125	426	9048
1	6	1604	4125	9048
1	4	9068	52	17842
1	4	1386	4317	9068
1	4	2055	320	9137
1	4	9137	1643	10090
1	2	3135	441	9141
1	2	1397	3135	9141
1	5	1889	442	9153
1	5	1538	1889	9153
1	1	2817	105	9224
1	1	1054	2817	9224
1	3	9254	43	18352
1	3	1600	5082	9254
1	4	7564	640	9415
1	4	2885	7564	9415
1	4	2268	351	9447
1	4	762	2268	9447
1	3	3492	215	9550
1	3	1203	3492	9550
1	3	7669	665	9554
1	3	3492	7669	9554
1	4	7776	537	9671
1	4	941	7776	9671
1	5	4308	532	9675
1	5	1268	4308	9675
1	4	3011	310	9677
1	4	9677	1457	16579
1	1	9677	1457	9678
1	1	1458	9677	9678
1	5	2104	2	9679
1	5	2104	8673	9680
1	5	9679	1454	9680
1	5	2104	9679	9680
1	5	1846	195	9692
1	5	533	1846	9692
1	5	9692	533	9694
1	5	538	9692	9694
1	5	3962	199	9695
1	5	538	3962	9695
1	4	1758	196	9699
1	4	1758	6035	13294
1	4	546	196	9703
1	4	546	3974	9704
1	4	9703	545	9704
1	4	546	9703	9704
1	4	3040	350	9705
1	4	1349	3040	9705
1	4	3966	350	9711
1	4	9711	1513	9714
1	4	3966	6	9713
1	4	3966	9711	9714
1	4	9713	1513	9714
1	4	3966	9713	9714
1	4	9699	541	9721
1	4	546	9699	9721
1	4	3974	350	9722
1	4	546	3974	9722
1	2	6812	553	9726
1	2	554	6812	9726
1	2	2771	306	9728
1	2	1392	2771	9728
1	2	5471	551	9744
1	2	820	5471	9744
1	2	2771	306	9747
1	2	9747	1506	16013
1	1	9747	1506	9748
1	1	1507	9747	9748
1	2	3984	360	9749
1	2	1392	3984	9749
1	2	3993	360	9760
1	2	9760	1506	9763
1	2	3993	4	9762
1	2	3993	9760	9763
1	2	9762	1506	9763
1	2	3993	9762	9763
1	2	2094	201	9768
1	2	552	2094	9768
1	2	9768	552	9770
1	2	554	9768	9770
1	2	3994	360	9771
1	2	554	3994	9771
1	6	2249	196	9774
1	6	9774	1757	13990
1	4	9774	1757	9775
1	4	1758	9774	9775
1	1	2539	206	9779
1	1	976	2539	9779
1	6	623	256	9793
1	6	623	4104	10014
1	1	2817	208	9799
1	1	1054	2817	9799
1	2	2292	218	9865
1	2	1397	2292	9865
1	4	645	251	9870
1	4	645	2641	10097
1	2	3244	441	9872
1	2	9872	1646	9876
1	2	3244	3	9875
1	2	3244	9872	9876
1	2	9875	1646	9876
1	2	3244	9875	9876
1	2	6960	587	9881
1	2	588	6960	9881
1	2	2139	251	9884
1	2	583	2139	9884
1	2	9884	583	9886
1	2	588	9884	9886
1	2	4039	441	9887
1	2	588	4039	9887
1	4	2233	347	9922
1	4	9922	1949	17566
1	4	9922	1949	9923
1	4	1951	9922	9923
1	5	8201	680	9935
1	5	980	8201	9935
1	3	1900	386	9948
1	3	1900	6170	13530
1	3	3614	386	9949
1	3	995	3614	9949
1	1	1927	8033	18959
1	1	1927	5184	18458
1	1	2221	276	9954
1	1	1567	2221	9954
1	3	609	225	9957
1	3	609	4089	9971
1	6	9957	608	9958
1	6	865	9957	9958
1	3	4083	368	9963
1	3	9963	892	9967
1	3	4083	8	9966
1	3	4083	9963	9967
1	3	9966	892	9967
1	3	4083	9966	9967
1	3	9957	608	9971
1	3	609	9957	9971
1	3	1476	225	9975
1	3	1476	5537	12633
1	3	9975	604	9977
1	3	609	9975	9977
1	3	4089	368	9978
1	3	609	4089	9978
1	2	4807	321	9987
1	2	667	4807	9987
1	6	5782	617	9993
1	6	1105	5782	9993
1	6	1863	444	9999
1	6	1601	1863	9999
1	3	3758	7	10005
1	3	3758	5899	16297
1	6	10005	1684	10006
1	6	1981	10005	10006
1	6	9793	622	10014
1	6	623	9793	10014
1	6	2451	256	10018
1	6	618	2451	10018
1	6	10018	618	10020
1	6	623	10018	10020
1	6	4104	444	10021
1	6	623	4104	10021
1	5	2229	423	10031
1	5	626	2229	10031
1	6	3118	420	10032
1	6	627	3118	10032
1	5	633	240	10036
1	5	633	4123	10037
1	5	10036	632	10037
1	5	633	10036	10037
1	5	2592	240	10039
1	5	631	2592	10039
1	5	4831	630	10040
1	5	1064	4831	10040
1	5	4111	427	10042
1	5	1389	4111	10042
1	5	2126	427	10052
1	5	10052	1608	10056
1	4	3447	5	10055
1	4	3447	5775	16238
1	5	10055	1608	10056
1	5	2126	10055	10056
1	5	10039	631	10062
1	5	633	10039	10062
1	5	4123	427	10063
1	5	633	4123	10063
1	4	4127	351	10067
1	4	4127	7564	18238
1	4	5277	643	10076
1	4	1294	5277	10076
1	4	2640	320	10083
1	4	1391	2640	10083
1	1	3101	3	10089
1	1	3101	5828	15204
1	4	10089	1643	10090
1	4	2055	10089	10090
1	4	9870	644	10097
1	4	645	9870	10097
1	4	2641	320	10098
1	4	645	2641	10098
1	3	2413	386	10168
1	3	10168	1898	17689
1	3	10168	1898	10169
1	3	1900	10168	10169
1	3	4214	260	10178
1	3	846	4214	10178
1	1	8286	1575	10219
1	1	1576	8286	10219
1	3	3109	1	10220
1	3	3109	8958	10221
1	3	10220	1572	10221
1	3	3109	10220	10221
1	3	8201	680	10229
1	3	681	8201	10229
1	3	1822	220	10232
1	3	1822	6219	13413
1	3	10232	676	10234
1	3	681	10232	10234
1	3	4209	222	10235
1	3	681	4209	10235
1	5	2203	220	10236
1	5	10236	1821	13917
1	3	10236	1821	10237
1	3	1822	10236	10237
1	3	3260	260	10248
1	3	3260	7669	15537
1	4	3353	283	10256
1	4	762	3353	10256
1	3	4428	406	10266
1	3	10266	2521	10270
1	1	4711	18	10269
1	1	10269	2521	14038
1	3	10269	2521	10270
1	3	4428	10269	10270
1	2	2279	123	10336
1	2	4248	7861	10348
1	2	10336	361	10345
1	2	2279	10336	10345
1	2	10345	2279	10348
1	2	4248	10345	10348
1	6	4756	422	10364
1	6	1016	4756	10364
1	2	4257	387	10377
1	2	724	4257	10377
1	2	4256	22	10385
1	2	4256	6153	10394
1	6	10385	1801	10386
1	6	3475	10385	10386
1	2	10385	1801	10394
1	2	4256	10385	10394
1	2	3476	332	10416
1	2	885	3476	10416
1	3	2830	260	10427
1	3	10427	1903	17366
1	3	10427	1903	10429
1	3	1905	10427	10429
1	5	4307	17	10445
1	5	10445	1778	10461
1	4	10445	1778	10446
1	4	3009	10445	10446
1	5	1846	532	10458
1	5	1846	8668	13462
1	5	10458	1778	10461
1	5	4307	10458	10461
1	4	4305	197	10470
1	4	736	4305	10470
1	4	1750	264	10473
1	4	1750	6003	13277
1	4	1959	12	10504
1	4	1954	1959	10504
1	4	2269	351	10510
1	4	10510	1954	19917
1	4	10510	1954	10511
1	4	1956	10510	10511
1	4	2266	283	10526
1	4	10526	1797	14015
1	4	3353	283	10528
1	4	1349	3353	10528
1	2	2047	24	10529
1	2	2047	6143	10530
1	2	10529	1797	10530
1	2	2047	10529	10530
1	4	10529	1797	10538
1	4	3361	10529	10538
1	6	2271	6874	18116
1	6	4484	8795	11730
1	5	2046	7057	20064
1	5	4391	10589	12076
1	5	4391	13	10589
1	5	10589	2046	12076
1	1	1436	68	10618
1	1	1436	2472	14325
1	1	2468	68	10623
1	1	796	2468	10623
1	1	2234	310	10630
1	1	1437	2234	10630
1	1	2140	68	10640
1	1	794	2140	10640
1	6	4410	800	10653
1	6	1269	4410	10653
1	6	4409	21	10656
1	6	10656	1757	10672
1	4	10656	1757	10657
1	4	3036	10656	10657
1	6	2249	800	10669
1	6	2249	9774	13990
1	6	10669	1757	10672
1	6	4409	10669	10672
1	6	1995	243	10678
1	6	10678	1172	13645
1	4	10678	1172	10679
1	4	1173	10678	10679
1	2	2279	123	10694
1	2	4422	7861	11531
1	1	2209	206	10707
1	1	696	2209	10707
1	1	2209	77	10720
1	1	696	2209	10720
1	1	1446	77	10723
1	1	1446	2775	14763
1	1	2302	306	10739
1	1	1447	2302	10739
1	4	3008	347	10740
1	4	736	3008	10740
1	1	2539	206	10763
1	1	828	2539	10763
1	5	7057	345	10768
1	5	2046	7057	10768
1	5	10768	2046	10770
1	5	4220	10768	10770
1	6	1990	329	10864
1	6	10864	1838	13639
1	2	10864	1838	10865
1	2	1839	10864	10865
1	6	2376	420	10868
1	6	10868	1838	10870
1	6	2376	22	10869
1	6	2376	10868	10870
1	6	10869	1838	10870
1	6	2376	10869	10870
1	2	10869	1838	10882
1	2	3584	10869	10882
1	2	4493	372	10889
1	2	858	4493	10889
1	2	3476	8843	16575
1	2	858	3476	10897
1	6	4520	655	10898
1	6	1272	4520	10898
1	6	1989	329	10905
1	6	10905	1468	13637
1	2	10905	1468	10906
1	2	1469	10905	10906
1	6	2366	369	10910
1	6	10910	1468	10913
1	2	3470	8	10912
1	2	3470	5517	16043
1	6	10912	1468	10913
1	6	2366	10912	10913
1	6	865	225	10916
1	6	865	4071	10918
1	6	10916	864	10918
1	6	865	10916	10918
1	6	4071	369	10919
1	6	865	4071	10919
1	6	2340	655	10948
1	6	10948	1475	14137
1	6	10948	1475	10951
1	6	4519	10948	10951
1	3	4482	371	10956
1	3	846	4482	10956
1	3	2170	366	10970
1	3	1462	2170	10970
1	2	4540	23	10975
1	2	4540	4564	10984
1	3	10975	895	10976
1	3	3576	10975	10976
1	2	10975	895	10984
1	2	4540	10975	10984
1	2	4541	367	10991
1	2	885	4541	10991
1	2	4541	8843	17463
1	2	891	4541	10997
1	2	8765	891	10999
1	2	893	8765	10999
1	2	4558	330	11000
1	2	893	4558	11000
1	2	8765	891	11004
1	2	896	8765	11004
1	2	4564	367	11005
1	2	896	4564	11005
1	3	2089	4	11020
1	3	2089	8641	11021
1	3	11020	1503	11021
1	3	2089	11020	11021
1	3	8631	901	11029
1	3	904	8631	11029
1	3	4577	234	11030
1	3	904	4577	11030
1	2	2422	303	11055
1	2	724	2422	11055
1	2	2422	8435	14262
1	2	1198	2422	11059
1	6	1970	305	11061
1	6	11061	1516	13611
1	2	11061	1516	11062
1	2	1517	11061	11062
1	6	9703	545	11063
1	6	918	9703	11063
1	6	3972	352	11065
1	6	11065	1516	11068
1	6	3972	6	11067
1	6	3972	11065	11068
1	6	11067	1516	11068
1	6	3972	11067	11068
1	6	918	196	11075
1	6	918	4604	11077
1	6	11075	915	11077
1	6	918	11075	11077
1	6	4604	352	11078
1	6	918	4604	11078
1	4	4127	7564	18241
1	4	799	4127	11101
1	1	1865	208	11128
1	1	5308	18523	18654
1	4	3017	348	11130
1	4	1390	3017	11130
1	4	3961	348	11138
1	4	11138	1457	11141
1	4	3961	2	11140
1	4	3961	11138	11141
1	4	11140	1457	11141
1	4	3961	11140	11141
1	4	6730	940	11146
1	4	941	6730	11146
1	4	3952	348	11147
1	4	941	3952	11147
1	4	4644	318	11168
1	4	1390	4644	11168
1	1	2042	84	11209
1	1	828	2042	11209
1	5	3675	408	11226
1	5	3675	8286	16715
1	1	3673	1	11228
1	1	3673	5722	16179
1	5	11228	1575	11229
1	5	2308	11228	11229
1	5	980	220	11235
1	5	980	4065	11237
1	5	11235	979	11237
1	5	980	11235	11237
1	5	4065	408	11238
1	5	980	4065	11238
1	3	3374	406	11277
1	3	1274	3374	11277
1	3	8958	1572	11288
1	3	1925	8958	11288
1	1	2539	84	11290
1	1	976	2539	11290
1	5	1944	264	11334
1	5	1944	10052	13586
1	4	11334	1608	11335
1	4	1609	11334	11335
1	6	10036	632	11336
1	6	1021	10036	11336
1	6	4122	426	11338
1	6	11338	1169	11341
1	6	4122	5	11340
1	6	4122	11338	11341
1	6	11340	1169	11341
1	6	4122	11340	11341
1	6	1021	240	11347
1	6	1021	4759	11349
1	6	11347	1018	11349
1	6	1021	11347	11349
1	6	4759	426	11350
1	6	1021	4759	11350
1	5	3455	316	11354
1	5	11354	1749	11365
1	4	2704	17	11356
1	4	2704	6003	11357
1	4	11356	1749	11357
1	4	2704	11356	11357
1	5	11356	1749	11365
1	5	3455	11356	11365
1	4	3196	425	11371
1	4	1024	3196	11371
1	4	4317	9068	17842
1	4	1024	4317	11377
1	6	4829	1010	11401
1	6	1036	4829	11401
1	2	1932	321	11436
1	2	1392	1932	11436
1	1	1447	77	11437
1	1	1447	2302	14059
1	6	2603	1010	11472
1	6	1018	2603	11472
1	5	4830	630	11473
1	5	11473	2591	11477
1	6	4832	26	11476
1	6	11476	2591	11488
1	5	11476	2591	11477
1	5	4830	11476	11477
1	6	4832	1010	11485
1	6	4832	11476	11488
1	6	11485	2591	11488
1	6	4832	11485	11488
1	5	4831	630	11496
1	5	631	4831	11496
1	2	10694	398	11527
1	2	2279	10694	11527
1	2	11527	2279	11531
1	2	4422	11527	11531
1	5	3250	7	11555
1	5	3250	9026	11556
1	5	11555	1209	11556
1	5	3250	11555	11556
1	5	9793	622	11560
1	5	1086	9793	11560
1	5	1086	256	11563
1	5	1086	4869	11565
1	5	11563	1083	11565
1	5	1086	11563	11565
1	5	4869	442	11566
1	5	1086	4869	11566
1	3	1213	207	11570
1	3	1213	5102	11571
1	3	11570	1212	11571
1	3	1213	11570	11571
1	5	4876	19	11572
1	5	11572	1212	11582
1	3	11572	1212	11573
1	3	3364	11572	11573
1	5	4876	396	11581
1	5	4876	11572	11582
1	5	11581	1212	11582
1	5	4876	11581	11582
1	3	4874	285	11588
1	3	1089	4874	11588
1	5	4628	396	11656
1	5	1538	4628	11656
1	5	2229	423	11680
1	5	1264	2229	11680
1	5	2227	198	11687
1	5	1264	2227	11687
1	3	4226	342	11700
1	3	549	4226	11700
1	3	5470	702	11718
1	3	1133	5470	11718
1	6	10547	370	11728
1	6	2271	10547	11728
1	6	11728	2271	11730
1	6	4484	11728	11730
1	2	5276	582	11764
1	2	1144	5276	11764
1	6	6874	353	11793
1	6	2271	6874	11793
1	6	11793	2271	11795
1	6	4419	11793	11795
1	6	4097	331	11813
1	6	1408	4097	11813
1	6	3475	22	11818
1	6	2361	3475	11818
1	6	3430	121	11821
1	6	2361	3430	11821
1	6	4994	21	11825
1	6	11825	1172	11836
1	4	11825	1172	11826
1	4	3456	11825	11826
1	6	4994	424	11835
1	6	4994	11825	11836
1	6	11835	1172	11836
1	6	4994	11835	11836
1	4	4415	317	11844
1	4	757	4415	11844
1	4	4415	6634	18204
1	4	1168	4415	11850
1	4	7154	1168	11852
1	4	1170	7154	11852
1	4	5011	314	11853
1	4	1170	5011	11853
1	4	7154	1168	11857
1	4	1173	7154	11857
1	4	5017	317	11858
1	4	1173	5017	11858
1	4	5999	12	11902
1	4	5999	6000	19840
1	2	5070	349	11927
1	2	1198	5070	11927
1	6	3156	422	11935
1	6	1601	3156	11935
1	3	9036	1808	11939
1	3	5081	9036	11939
1	3	5082	445	11944
1	3	1203	5082	11944
1	3	4875	7907	18002
1	3	1208	4875	11950
1	3	9027	1208	11952
1	3	1210	9027	11952
1	3	5096	421	11953
1	3	1210	5096	11953
1	3	9027	1208	11956
1	3	1213	9027	11956
1	3	5102	285	11957
1	3	1213	5102	11957
1	3	3097	7907	16528
1	3	1203	3097	11966
1	5	5145	964	12006
1	5	1257	5145	12006
1	5	2203	964	12011
1	5	979	2203	12011
1	5	5144	19	12012
1	5	12012	1821	12028
1	3	12012	1821	12013
1	3	3290	12012	12013
1	5	2203	964	12025
1	5	2203	10236	13917
1	5	12025	1821	12028
1	5	5144	12025	12028
1	5	10585	409	12074
1	5	2046	10585	12074
1	5	12074	2046	12076
1	5	4391	12074	12076
1	5	3323	277	12088
1	5	1935	3323	12088
1	1	5184	27	12092
1	1	12092	1935	13565
1	5	12092	1935	12093
1	5	5183	12092	12093
1	5	4109	277	12107
1	5	1324	4109	12107
1	5	8673	1454	12124
1	5	1848	8673	12124
1	1	2456	229	12134
1	1	18649	2456	18657
1	3	2522	221	12135
1	3	1274	2522	12135
1	1	2649	229	12141
1	1	1273	2649	12141
1	2	2294	322	12147
1	2	1397	2294	12147
1	1	2468	224	12157
1	1	796	2468	12157
1	1	2042	224	12211
1	1	828	2042	12211
1	5	5783	1057	12252
1	5	1312	5783	12252
1	2	5276	582	12275
1	2	583	5276	12275
1	2	5278	582	12277
1	2	5278	7214	12280
1	2	12277	2138	12280
1	2	5278	12277	12280
1	4	2238	319	12296
1	4	1391	2238	12296
1	1	2140	208	12328
1	1	796	2140	12328
1	5	4764	316	12448
1	5	1389	4764	12448
1	4	3011	310	12451
1	4	1390	3011	12451
1	4	2637	284	12452
1	4	1391	2637	12452
1	2	3135	218	12465
1	2	3135	9872	15270
1	1	12465	1646	12466
1	1	1647	12465	12466
1	3	2064	702	12537
1	3	901	2064	12537
1	3	2064	702	12539
1	3	1852	2064	12539
1	3	12539	1852	12542
1	3	5472	12539	12542
1	6	2340	655	12572
1	6	864	2340	12572
1	3	8641	1503	12586
1	3	1933	8641	12586
1	1	2472	198	12598
1	1	1436	2472	12598
1	1	12598	1436	12600
1	1	1455	12598	12600
1	1	5495	346	12601
1	1	1455	5495	12601
1	1	10630	1437	12607
1	1	1458	10630	12607
1	1	5504	346	12608
1	1	1458	5504	12608
1	2	7639	1407	12623
1	2	1469	7639	12623
1	2	5517	330	12624
1	2	1469	5517	12624
1	6	2340	225	12629
1	6	2340	10948	14137
1	3	12629	1475	12630
1	3	1476	12629	12630
1	3	9975	604	12633
1	3	1476	9975	12633
1	3	12641	60	19073
1	3	880	4539	12641
1	3	5472	23	12659
1	3	2070	5472	12659
1	3	5473	76	12662
1	3	2070	5473	12662
1	1	2775	233	12686
1	1	1446	2775	12686
1	1	12686	1446	12688
1	1	1504	12686	12688
1	1	5602	359	12689
1	1	1504	5602	12689
1	1	10739	1447	12692
1	1	1507	10739	12692
1	1	5608	359	12693
1	1	1507	5608	12693
1	2	2571	11059	18303
1	2	1383	2571	12706
1	2	8682	1383	12708
1	2	1514	8682	12708
1	2	5618	308	12709
1	2	1514	5618	12709
1	2	8862	1384	12712
1	2	1517	8862	12712
1	2	5627	308	12713
1	2	1517	5627	12713
1	4	4127	351	12727
1	4	799	4127	12727
1	2	2047	24	12749
1	2	1969	2047	12749
1	2	5279	122	12752
1	2	1969	5279	12752
1	5	1846	532	12785
1	5	533	1846	12785
1	1	2976	221	12847
1	1	1566	2976	12847
1	1	12847	1566	12849
1	1	1573	12847	12849
1	1	5713	407	12850
1	1	1573	5713	12850
1	1	6731	602	12851
1	1	1567	6731	12851
1	1	9954	1567	12857
1	1	1576	9954	12857
1	1	5722	407	12858
1	1	1576	5722	12858
1	6	1995	424	12922
1	6	1604	1995	12922
1	4	9047	1386	12935
1	4	1609	9047	12935
1	4	5775	314	12936
1	4	1609	5775	12936
1	5	5783	1057	12948
1	5	1083	5783	12948
1	5	5786	1057	12955
1	5	5786	6844	12958
1	5	12955	2324	12958
1	5	5786	12955	12958
1	6	2451	617	12965
1	6	618	2451	12965
1	5	5786	26	12973
1	5	1998	5786	12973
1	5	5787	139	12976
1	5	1998	5787	12976
1	1	2821	284	13008
1	1	1640	2821	13008
1	1	13008	1640	13010
1	1	1644	13008	13010
1	1	5828	440	13011
1	1	1644	5828	13011
1	1	2653	218	13013
1	1	1639	2653	13013
1	1	13013	1639	13015
1	1	1647	13013	13015
1	1	5834	440	13016
1	1	1647	5834	13016
1	2	3141	25	13022
1	2	2152	3141	13022
1	2	4332	123	13025
1	2	2152	4332	13025
1	4	2145	643	13035
1	4	644	2145	13035
1	2	4422	10	13076
1	2	2663	4422	13076
1	2	4144	122	13079
1	2	13079	2663	17511
1	3	1809	235	13128
1	3	1809	6178	13395
1	3	13128	1600	13130
1	3	1685	13128	13130
1	3	5899	421	13131
1	3	1685	5899	13131
1	6	5784	26	13149
1	6	2584	5784	13149
1	6	5785	129	13152
1	6	2584	5785	13152
1	2	5471	551	13209
1	2	552	5471	13209
1	4	5418	244	13276
1	4	5418	6000	19841
1	4	10473	1749	13277
1	4	1750	10473	13277
1	4	9047	1386	13280
1	4	1750	9047	13280
1	4	6003	425	13281
1	4	1750	6003	13281
1	4	9699	541	13294
1	4	1758	9699	13294
1	4	6730	940	13337
1	4	1779	6730	13337
1	4	6091	197	13338
1	4	1779	6091	13338
1	4	4048	6733	20028
1	4	954	4048	13348
1	2	1798	252	13365
1	2	1798	6143	13366
1	2	13365	1797	13366
1	2	1798	13365	13366
1	2	8682	1383	13369
1	2	1798	8682	13369
1	2	6143	349	13370
1	2	1798	6143	13370
1	2	8862	1384	13381
1	2	1802	8862	13381
1	2	6153	387	13382
1	2	1802	6153	13382
1	3	5467	215	13392
1	3	5467	6168	20151
1	3	13128	1600	13395
1	3	1809	13128	13395
1	3	6174	445	13396
1	3	1809	6174	13396
1	3	10232	676	13413
1	3	1822	10232	13413
1	2	7639	1407	13448
1	2	1839	7639	13448
1	2	6260	372	13449
1	2	1839	6260	13449
1	5	10458	1778	13462
1	5	1846	10458	13462
1	3	6802	358	13463
1	3	549	6802	13463
1	6	6874	353	13470
1	6	561	6874	13470
1	1	12157	796	13488
1	1	1864	12157	13488
1	1	12328	796	13489
1	1	1865	12328	13489
1	5	11581	1212	13516
1	5	1888	11581	13516
1	5	1888	207	13517
1	5	1538	1888	13517
1	5	9026	1209	13518
1	5	1889	9026	13518
1	3	9948	576	13530
1	3	1900	9948	13530
1	3	10248	665	13531
1	3	1905	10248	13531
1	3	4239	358	13533
1	3	1903	4239	13533
1	5	10585	409	13547
1	5	578	10585	13547
1	1	4927	795	13558
1	1	4927	6739	13561
1	1	13558	2226	13561
1	1	4927	13558	13561
1	1	5184	602	13563
1	1	5184	12092	13565
1	1	13563	1935	13565
1	1	5184	13563	13565
1	2	10694	398	13567
1	2	615	10694	13567
1	1	2302	823	13569
1	1	1931	2302	13569
1	1	13569	1931	13572
1	1	4808	13569	13572
1	5	7057	345	13577
1	5	626	7057	13577
1	6	10547	370	13578
1	6	627	10547	13578
1	6	6599	312	13583
1	6	639	6599	13583
1	5	11354	1749	13584
1	5	1943	11354	13584
1	5	1943	264	13585
1	5	1389	1943	13585
1	5	11334	1608	13586
1	5	1944	11334	13586
1	4	1951	347	13589
1	4	1951	5999	13590
1	4	13589	824	13590
1	4	1951	13589	13590
1	4	10067	640	13592
1	4	1956	10067	13592
1	4	4140	397	13594
1	4	1954	4140	13594
1	6	1970	305	13607
1	6	1408	1970	13607
1	6	8706	1801	13609
1	6	1929	8706	13609
1	6	11065	1516	13611
1	6	1970	11065	13611
1	3	4482	371	13627
1	3	1979	4482	13627
1	6	1990	329	13635
1	6	1463	1990	13635
1	6	10910	1468	13637
1	6	1989	10910	13637
1	6	10868	1838	13639
1	6	1990	10868	13639
1	2	10336	361	13640
1	2	667	10336	13640
1	6	1996	243	13643
1	6	1604	1996	13643
1	6	11835	1172	13645
1	6	1995	11835	13645
1	6	11338	1169	13647
1	6	1996	11338	13647
1	2	5070	349	13710
1	2	1969	5070	13710
1	1	2234	794	13714
1	1	2050	2234	13714
1	1	13714	2050	13717
1	1	4645	13714	13717
1	1	2775	816	13749
1	1	2061	2775	13749
1	1	13749	2061	13752
1	1	4939	13749	13752
1	3	8764	895	13889
1	3	2170	8764	13889
1	3	2175	261	13890
1	3	1462	2175	13890
1	3	9963	892	13891
1	3	2175	9963	13891
1	6	6401	257	13893
1	6	1016	6401	13893
1	3	6218	267	13916
1	3	1822	6218	13916
1	5	12025	1821	13917
1	5	2203	12025	13917
1	1	5291	1054	13944
1	1	5291	6644	13947
1	1	13944	2237	13947
1	1	5291	13944	13947
1	1	10640	794	13955
1	1	1437	10640	13955
1	6	2249	800	13983
1	6	915	2249	13983
1	4	6034	203	13989
1	4	1758	6034	13989
1	6	10669	1757	13990
1	6	2249	10669	13990
1	4	6986	397	14003
1	4	939	6986	14003
1	4	9711	1513	14013
1	4	2265	9711	14013
1	4	2266	252	14014
1	4	1349	2266	14014
1	4	13365	1797	14015
1	4	2266	13365	14015
1	5	6585	311	14034
1	5	815	6585	14034
1	1	4711	976	14035
1	1	4711	10269	14038
1	1	14035	2521	14038
1	1	4711	14035	14038
1	1	5405	1273	14042
1	1	5405	6657	14045
1	1	14042	2291	14045
1	1	5405	14042	14045
1	1	11437	823	14059
1	1	1447	11437	14059
1	5	8265	443	14071
1	5	845	8265	14071
1	3	5536	371	14136
1	3	1476	5536	14136
1	6	12629	1475	14137
1	6	2340	12629	14137
1	6	3118	420	14193
1	6	2361	3118	14193
1	6	2570	420	14200
1	6	1463	2570	14200
1	2	10997	62	14238
1	2	2402	10997	14238
1	6	2418	353	14245
1	6	2122	2418	14245
1	4	3353	6777	15717
1	4	1349	3353	14253
1	2	11059	45	14262
1	2	2422	11059	14262
1	1	10618	795	14325
1	1	1436	10618	14325
1	5	5183	277	14384
1	5	2225	5183	14384
1	3	3379	342	14387
1	3	2285	3379	14387
1	3	6807	11	14436
1	3	1900	6807	14436
1	1	7469	1273	14588
1	1	1639	7469	14588
1	6	4756	422	14599
1	6	2660	4756	14599
1	4	3196	425	14668
1	4	2116	3196	14668
1	5	4876	396	14735
1	5	2449	4876	14735
1	1	10723	816	14763
1	1	1446	10723	14763
1	6	2799	370	14793
1	6	1982	2799	14793
1	3	2802	6876	14812
1	3	1462	2802	14801
1	3	14801	60	14812
1	3	2802	14801	14812
1	1	9224	1054	14828
1	1	1640	9224	14828
1	4	11850	52	14910
1	4	2868	11850	14910
1	4	7571	82	14935
1	4	2885	7571	14935
1	2	4144	303	14961
1	2	4144	13079	17511
1	2	4093	303	14962
1	2	14962	2915	17508
1	2	4277	332	14963
1	2	14963	2915	19129
1	2	3116	332	14964
1	2	14964	2918	19126
1	3	11950	43	14966
1	3	2921	11950	14966
1	1	11290	976	15027
1	1	1566	11290	15027
1	3	3374	8856	20272
1	3	1274	3374	15033
1	3	15033	66	15041
1	3	2980	15033	15041
1	4	4304	197	15080
1	4	2116	4304	15080
1	4	4644	13348	20044
1	4	1390	4644	15085
1	4	15085	49	15099
1	4	3017	15085	15099
1	4	3538	203	15115
1	4	1936	3538	15115
1	4	14253	37	15121
1	4	3040	14253	15121
1	5	4391	409	15189
1	5	2520	4391	15189
1	3	7716	97	15190
1	3	3084	7716	15190
1	1	9875	1646	15202
1	1	3101	9875	15202
1	1	10089	1643	15204
1	1	3101	10089	15204
1	2	4422	398	15228
1	2	2663	4422	15228
1	2	12465	1646	15270
1	2	3135	12465	15270
1	2	4182	321	15279
1	2	2152	4182	15279
1	2	4332	322	15283
1	2	2152	4332	15283
1	6	4315	312	15353
1	6	3176	4315	15353
1	3	3576	366	15536
1	3	2070	3576	15536
1	3	10248	665	15537
1	3	3260	10248	15537
1	3	8801	138	15540
1	3	3260	8801	15540
1	3	4682	267	15615
1	3	2018	4682	15615
1	4	3524	318	15694
1	4	2144	3524	15694
1	4	14253	37	15717
1	4	3353	14253	15717
1	4	4340	283	15724
1	4	2240	4340	15724
1	3	4874	285	15725
1	3	2018	4874	15725
1	6	3475	331	15865
1	6	2361	3475	15865
1	5	4424	316	15886
1	5	2127	4424	15886
1	4	4330	317	15887
1	4	1936	4330	15887
1	1	9679	1454	15975
1	1	3522	9679	15975
1	1	11140	1457	15977
1	1	3522	11140	15977
1	2	9713	1513	15982
1	2	3433	9713	15982
1	2	11067	1516	15984
1	2	3433	11067	15984
1	4	8065	75	15990
1	4	3458	8065	15990
1	2	9760	1506	16013
1	2	2771	9760	16013
1	1	9762	1506	16021
1	1	3558	9762	16021
1	1	11020	1503	16023
1	1	3558	11020	16023
1	2	9966	892	16041
1	2	3470	9966	16041
1	2	10912	1468	16043
1	2	3470	10912	16043
1	2	4493	372	16057
1	2	2262	4493	16057
1	3	4226	342	16083
1	3	1278	4226	16083
1	1	10220	1572	16177
1	1	3673	10220	16177
1	1	11228	1575	16179
1	1	3673	11228	16179
1	6	9028	1684	16226
1	6	1863	9028	16226
1	6	2078	235	16227
1	6	1601	2078	16227
1	6	9032	1808	16228
1	6	2078	9032	16228
1	4	10055	1608	16238
1	4	3447	10055	16238
1	4	11340	1169	16240
1	4	3447	11340	16240
1	3	10005	1684	16297
1	3	3758	10005	16297
1	3	11555	1209	16299
1	3	3758	11555	16299
1	4	11377	52	16455
1	4	2136	11377	16455
1	2	12706	45	16516
1	2	2270	12706	16516
1	3	11966	43	16528
1	3	3097	11966	16528
1	3	8618	138	16534
1	3	3492	8618	16534
1	2	10897	62	16575
1	2	3476	10897	16575
1	4	11138	1457	16579
1	4	3011	11138	16579
1	5	4220	345	16586
1	5	2117	4220	16586
1	5	2104	2	16587
1	5	2104	3962	16588
1	5	16587	537	16588
1	5	2104	16587	16588
1	6	3972	6	16597
1	6	3972	4603	17522
1	4	16597	545	16598
1	4	3966	16597	16598
1	2	4248	361	16619
1	2	2918	4248	16619
1	3	2089	4	16620
1	3	2089	4576	17483
1	2	16620	553	16621
1	2	3993	16620	16621
1	2	3244	3	16684
1	2	3244	4039	16685
1	2	16684	587	16685
1	2	3244	16684	16685
1	5	3675	276	16714
1	5	1324	3675	16714
1	5	11226	1575	16715
1	5	3675	11226	16715
1	6	2366	8	16740
1	6	2366	4510	17398
1	3	16740	608	16741
1	3	4083	16740	16741
1	6	4158	257	16743
1	6	3176	4158	16743
1	6	1981	7	16750
1	6	1981	4104	16751
1	6	16750	622	16751
1	6	1981	16750	16751
1	5	4312	311	16769
1	5	3301	4312	16769
1	6	4122	5	16770
1	6	4122	4758	17815
1	5	16770	632	16771
1	5	2126	16770	16771
1	4	16684	587	16817
1	4	2055	16684	16817
1	2	2916	10	16819
1	2	2916	14962	16820
1	2	16819	2915	16820
1	2	2916	16819	16820
1	2	14961	2663	16822
1	2	2916	14961	16822
1	5	2308	1	16928
1	5	2308	4690	17646
1	3	16928	680	16929
1	3	3109	16928	16929
1	3	7658	11	16931
1	3	1905	7658	16931
1	2	4248	10	16961
1	2	2918	4248	16961
1	2	4256	387	16973
1	2	2262	4256	16973
1	2	4256	22	16984
1	2	2262	4256	16984
1	2	8435	45	17004
1	2	4257	8435	17004
1	2	16961	2918	17013
1	2	2919	16961	17013
1	2	16819	2915	17015
1	2	2919	16819	17015
1	5	5219	532	17078
1	5	2127	5219	17078
1	4	3009	17	17079
1	4	2116	3009	17079
1	5	4307	17	17082
1	5	2127	4307	17082
1	4	4632	319	17107
1	4	2144	4632	17107
1	4	5280	24	17126
1	4	2240	5280	17126
1	2	3992	95	17189
1	2	2918	3992	17189
1	5	4403	423	17222
1	5	2225	4403	17222
1	6	5220	800	17224
1	6	2258	5220	17224
1	4	3456	21	17226
1	4	1936	3456	17226
1	6	4994	21	17229
1	6	2258	4994	17229
1	6	4994	424	17239
1	6	2258	4994	17239
1	3	4710	406	17244
1	3	2285	4710	17244
1	4	6986	107	17332
1	4	1949	6986	17332
1	5	4826	13	17341
1	5	3301	4826	17341
1	3	4239	76	17365
1	3	1903	4239	17365
1	3	17365	1903	17366
1	3	2830	17365	17366
1	2	10897	62	17396
1	2	4494	10897	17396
1	6	16740	608	17398
1	6	2366	16740	17398
1	6	5226	655	17405
1	6	2660	5226	17405
1	3	5081	20	17406
1	3	1979	5081	17406
1	6	4519	20	17409
1	6	2660	4519	17409
1	2	4540	367	17437
1	2	2196	4540	17437
1	2	5474	23	17446
1	2	2196	5474	17446
1	2	10997	62	17463
1	2	4541	10997	17463
1	3	16620	553	17483
1	3	2089	16620	17483
1	3	6802	113	17492
1	3	1898	6802	17492
1	2	4277	164	17507
1	2	4277	14963	19129
1	2	17507	2915	17508
1	2	4093	17507	17508
1	2	14961	2663	17511
1	2	4144	14961	17511
1	6	16597	545	17522
1	6	3972	16597	17522
1	4	16587	537	17556
1	4	3961	16587	17556
1	4	17332	1949	17566
1	4	2233	17332	17566
1	1	7261	794	17571
1	1	2230	7261	17571
1	4	3343	16	17573
1	4	2144	3343	17573
1	1	4645	16	17576
1	1	2230	4645	17576
1	5	16928	680	17646
1	5	2308	16928	17646
1	3	17492	1898	17689
1	3	2413	17492	17689
1	1	9779	976	17696
1	1	2284	9779	17696
1	3	3379	18	17699
1	3	2285	3379	17699
1	1	4939	18	17702
1	1	2284	4939	17702
1	6	16770	632	17815
1	6	4122	16770	17815
1	4	11377	52	17842
1	4	4317	11377	17842
1	6	4315	14	17848
1	6	3176	4315	17848
1	1	7998	823	17892
1	1	2289	7998	17892
1	1	4808	25	17898
1	1	2289	4808	17898
1	4	9137	1643	17922
1	4	2637	9137	17922
1	5	4828	443	17924
1	5	3301	4828	17924
1	5	4837	630	17925
1	5	1998	4837	17925
1	6	4833	1010	17926
1	6	2584	4833	17926
1	5	16750	622	17969
1	5	3250	16750	17969
1	3	3364	19	17978
1	3	2018	3364	17978
1	5	5144	19	17981
1	5	2449	5144	17981
1	3	11950	43	18002
1	3	4875	11950	18002
1	6	4098	129	18023
1	6	3176	4098	18023
1	5	4828	139	18052
1	5	3301	4828	18052
1	1	8033	795	18058
1	1	1927	8033	18058
1	5	5183	27	18062
1	5	2225	5183	18062
1	1	5184	27	18065
1	1	1927	5184	18065
1	1	8333	816	18086
1	1	2284	8333	18086
1	6	10547	121	18116
1	6	2271	10547	18116
1	4	11850	52	18204
1	4	4415	11850	18204
1	4	4330	82	18226
1	4	1936	4330	18226
1	6	5220	83	18230
1	6	2258	5220	18230
1	4	10067	640	18238
1	4	4127	10067	18238
1	4	11101	82	18241
1	4	4127	11101	18241
1	4	10504	12	18260
1	4	1956	10504	18260
1	4	4304	75	18261
1	4	2116	4304	18261
1	5	5219	78	18265
1	5	2127	5219	18265
1	4	13589	824	18269
1	4	3008	13589	18269
1	4	7769	75	18272
1	4	3008	7769	18272
1	2	12706	45	18303
1	2	2571	12706	18303
1	3	5081	445	18307
1	3	1979	5081	18307
1	3	11966	43	18352
1	3	5082	11966	18352
1	6	5226	104	18362
1	6	2660	5226	18362
1	3	5080	138	18366
1	3	1979	5080	18366
1	5	5195	964	18403
1	5	2449	5195	18403
1	3	4874	97	18411
1	3	2018	4874	18411
1	5	5195	103	18415
1	5	2449	5195	18415
1	3	9948	576	18426
1	3	2514	9948	18426
1	3	7092	97	18429
1	3	2514	7092	18429
1	1	9952	602	18458
1	1	1927	9952	18458
1	1	5247	9	18520
1	1	18520	1864	18559
1	1	18520	1864	18521
1	1	1866	18520	18521
1	1	1866	9	18523
1	1	1866	13489	18524
1	1	18523	1865	18524
1	1	1866	18523	18524
1	1	12211	828	18553
1	1	1864	12211	18553
1	1	10763	828	18554
1	1	2059	10763	18554
1	1	18553	1864	18559
1	1	5247	18553	18559
1	1	5247	9	18561
1	1	5247	18554	18562
1	1	18561	2059	18562
1	1	5247	18561	18562
1	2	5279	582	18605
1	2	1969	5279	18605
1	4	5281	643	18606
1	4	2240	5281	18606
1	1	9799	1054	18614
1	1	2230	9799	18614
1	1	11128	938	18648
1	1	1865	11128	18648
1	1	12134	938	18649
1	1	2456	12134	18649
1	1	18648	1865	18654
1	1	5308	18648	18654
1	1	5327	9	18656
1	1	18656	2456	18697
1	1	18656	2456	18657
1	1	5308	18656	18657
1	1	10707	696	18691
1	1	2059	10707	18691
1	1	7990	696	18692
1	1	2456	7990	18692
1	1	18691	2059	18695
1	1	5327	18691	18695
1	1	18692	2456	18697
1	1	5327	18692	18697
1	6	6401	104	18754
1	6	1982	6401	18754
1	6	6599	83	18821
1	6	2122	6599	18821
1	1	12141	1273	18835
1	1	2289	12141	18835
1	4	6991	12	18860
1	4	1951	6991	18860
1	2	4493	164	18873
1	2	2262	4493	18873
1	3	5473	702	18938
1	3	2070	5473	18938
1	2	5475	551	18939
1	2	2196	5475	18939
1	5	4403	125	18955
1	5	2225	4403	18955
1	1	9952	224	18959
1	1	1927	9952	18959
1	2	5475	95	18995
1	2	2196	5475	18995
1	3	7652	60	19022
1	3	2375	7652	19022
1	3	12641	60	19046
1	3	4214	12641	19046
1	3	14801	60	19073
1	3	4539	14801	19073
1	2	17189	2918	19126
1	2	3116	17189	19126
1	2	17507	2915	19129
1	2	4277	17507	19129
1	3	4710	113	19132
1	3	2285	4710	19132
1	1	9779	206	19136
1	1	2284	9779	19136
1	4	5281	98	19173
1	4	2240	5281	19173
1	4	4140	98	19212
1	4	1954	4140	19212
1	4	4632	107	19248
1	4	2144	4632	19248
1	1	9799	208	19252
1	1	2230	9799	19252
1	5	6585	78	19334
1	5	2117	6585	19334
1	5	8265	103	19436
1	5	2520	8265	19436
1	6	5785	617	19469
1	6	2584	5785	19469
1	5	5787	1057	19472
1	5	1998	5787	19472
1	1	12141	229	19539
1	1	2289	12141	19539
1	4	11902	1399	19834
1	4	5996	11902	19834
1	4	13276	1399	19835
1	4	5417	13276	19835
1	4	11902	1399	19840
1	4	5999	11902	19840
1	4	13276	1399	19841
1	4	5418	13276	19841
1	4	7557	37	19872
1	4	1853	7557	19872
1	4	7557	37	19902
1	4	2268	7557	19902
1	4	19212	1954	19917
1	4	2269	19212	19917
1	4	8908	49	19998
1	4	4305	8908	19998
1	4	13348	49	20028
1	4	4048	13348	20028
1	4	15085	49	20044
1	4	4644	15085	20044
1	5	10585	125	20064
1	5	2046	10585	20064
1	3	7101	1425	20150
1	3	6167	7101	20150
1	3	13392	1425	20151
1	3	5467	13392	20151
1	3	7101	1425	20156
1	3	6170	7101	20156
1	3	13392	1425	20157
1	3	5466	13392	20157
1	3	7705	66	20225
1	3	2220	7705	20225
1	3	8856	66	20256
1	3	3614	8856	20256
1	3	15033	66	20272
1	3	3374	15033	20272
